!MOLECULE
p-CH2
!MOLECULAR WEIGHT
14.0
!NUMBER OF ENERGY LEVELS
24
!LEVEL + ENERGIES(cm^-1) + WEIGHT + QNUM (J, N, eps*Ka)  
1      15.127005  1.0    0.0   1.0     0
2      15.578549  5.0    2.0   1.0     0
3      15.901259  3.0    1.0   1.0     0
4      79.366976  3.0    1.0   1.0     1
5      79.544841  5.0    2.0   1.0     1
6      79.823759  1.0    0.0   1.0     1
7      93.487552  5.0    2.0   3.0     0
8      93.573879  9.0    4.0   3.0     0
9      93.940921  7.0    3.0   3.0     0
10    108.328279  3.0    1.0   2.0     0
11    108.411667  7.0    3.0   2.0    -1
12    108.616439  5.0    2.0   2.0    -1
13    153.490456  5.0    2.0   3.0     1
14    153.560293  9.0    4.0   3.0     1
15    153.863556  7.0    3.0   3.0     1
16    213.688579  7.0    3.0   4.0    -1
17    213.688579  9.0    4.0   4.0    -1
18    213.733550 11.0    5.0   4.0    -1
19    233.472999  9.0    4.0   5.0     0
20    233.494719 13.0    6.0   5.0     0
21    233.886193 11.0    5.0   5.0     0
22    276.033197  5.0    2.0   2.0    -2     
23    276.362530  7.0    3.0   2.0    -2     
24    276.554354  3.0    1.0   2.0    -2     
!NUMBER OF RADIATIVE TRANSITIONS
36
!TRANS + UP + LOW + EINSTEINA(s^-1) + FREQ(GHz) + E_u(K)
1     6    3    0.0133       1916.348      114.849
2     4    1    0.00462      1925.866      114.191 
3     4    3    0.00318      1902.654      114.191      
4     4    2    0.00548      1912.329      114.191
5     5    3    0.00323      1907.987      114.447
6     5    2    0.0101       1917.661      114.447
7    10    1    0.0134       2794.104      155.860
8    10    3    0.0103       2770.892      155.860
9    10    2    0.0270       2780.567      155.860
10   12    3    0.0184       2779.531      156.275
11   12    2    0.00603      2789.206      156.275
12   11    2    0.0244       2783.067      155.980
13   10    7    0.000054      444.914      155.860
14   12    9    0.000063      439.961      156.275
15   11    8    0.000058      444.826      155.980
16   13    7    0.0137       1798.842      220.839
17   13    9    0.0018       1785.250      220.839
18   15    7    0.0013       1810.027      221.375
19   15    9    0.0132       1796.435      221.375
20   15    8    0.0013       1807.439      221.375
21   14    9    0.00096      1787.344      220.939
22   14    8    0.0148       1798.347      220.939
23   16    7    0.0443       3603.536      307.450
24   17    9    0.0453       3589.944      307.450
25   18    8    0.0483       3602.296      307.515
26   24    6    0.1292       5897.835      397.900
27   24    4    0.0950       5911.529      397.900
28   22    4    0.0950       5895.905      397.150
29   22    5    0.0587       5890.573      397.150
30   23    5    0.2323       5900.446      397.624
31   24   10    0.0704       5046.282      397.900
32   22   12    0.0959       5022.005      397.150
33   23   11    0.1737       5038.026      397.624
34   19   16    0.000185      593.122      335.911
35   21   17    0.000204      605.509      336.510
36   20   18    0.000202      592.425      335.947
!NUMBER OF COLL PARTNERS
1
!COLLISIONS BETWEEN
1 para-CH2-H2, obtained from o-CH2-He rates scaled by 1.4, Dagdigian and Lique, MNRAS 473, 4824-4831 (2018)
!NUMBER OF COLL TRANS
276
!NUMBER OF COLL TEMPS
6
!COLL TEMPS  
   15.0   50.0  100.0  150.0  200.0  300.0
!TRANS + UP + LOW + COLLRATES(cm^3 s^-1)
    1    2    1     3.7045e-12     2.0425e-12     2.1195e-12     2.8092e-12     3.6073e-12     5.0778e-12
    2    3    1     6.4084e-13     2.9345e-13     1.6905e-13     1.2952e-13     1.1690e-13     1.1781e-13
    3    3    2     1.4693e-11     8.0261e-12     8.1596e-12     1.0697e-11     1.3674e-11     1.9189e-11
    4    4    1     3.1730e-13     2.6564e-13     5.5032e-13     1.0428e-12     1.6403e-12     2.9457e-12
    5    4    2     6.9739e-13     4.4571e-13     7.4041e-13     1.3385e-12     2.0794e-12     3.7121e-12
    6    4    3     3.3824e-13     2.3711e-13     4.3023e-13     7.9374e-13     1.2399e-12     2.2193e-12
    7    5    1     8.0219e-14     3.0336e-14     1.3984e-14     9.2655e-15     7.6530e-15     7.8861e-15
    8    5    2     8.5425e-13     6.5068e-13     1.2627e-12     2.3625e-12     3.7042e-12     6.6418e-12
    9    5    3     4.1843e-13     2.6741e-13     4.4422e-13     8.0304e-13     1.2476e-12     2.2272e-12
   10    5    4     6.7187e-12     3.7389e-12     3.0356e-12     3.2715e-12     3.8192e-12     5.0973e-12
   11    6    1            0              0              0              0              0              0
   12    6    2     4.0106e-13     1.5158e-13     7.0049e-14     4.6706e-14     3.8755e-14     3.9939e-14
   13    6    3     9.5184e-13     7.9687e-13     1.6509e-12     3.1283e-12     4.9209e-12     8.8372e-12
   14    6    4     6.1608e-13     1.3997e-13     6.0262e-14     4.3470e-14     4.2747e-14     5.8628e-14
   15    6    5     1.4588e-11     8.2309e-12     6.7124e-12     7.2458e-12     8.4634e-12     1.1295e-11
   16    7    1     1.5840e-12     2.4607e-12     4.0559e-12     5.5797e-12     6.9337e-12     9.1431e-12
   17    7    2     4.1001e-13     6.5674e-13     1.2398e-12     1.9087e-12     2.5866e-12     3.8377e-12
   18    7    3     1.6199e-12     2.4703e-12     4.0620e-12     5.5858e-12     6.9403e-12     9.1514e-12
   19    7    4     4.4136e-12     7.1280e-12     1.0953e-11     1.3898e-11     1.6047e-11     1.8719e-11
   20    7    5     2.2324e-12     3.5697e-12     5.4801e-12     6.9529e-12     8.0287e-12     9.3681e-12
   21    7    6     1.8295e-14     6.6669e-15     4.7861e-15     4.7784e-15     5.5346e-15     8.3049e-15
   22    8    1     4.2988e-14     7.7894e-14     1.7042e-13     2.8741e-13     4.1293e-13     6.5526e-13
   23    8    2     3.4701e-12     5.3584e-12     8.8643e-12     1.2245e-11     1.5270e-11     2.0244e-11
   24    8    3     1.0078e-13     1.5144e-13     3.2298e-13     5.4231e-13     7.7798e-13     1.2333e-12
   25    8    4     2.4879e-12     4.0097e-12     6.1610e-12     7.8177e-12     9.0269e-12     1.0531e-11
   26    8    5     4.1680e-12     6.6926e-12     1.0275e-11     1.3036e-11     1.5053e-11     1.7562e-11
   27    8    6     8.2590e-15     1.8855e-15     1.2041e-15     1.3791e-15     1.8006e-15     2.9136e-15
   28    8    7     2.6040e-13     1.6454e-13     2.6385e-13     4.0647e-13     5.5772e-13     8.5342e-13
   29    9    1     1.7930e-14     4.7288e-15     3.0489e-15     3.0671e-15     3.3698e-15     4.1937e-15
   30    9    2     1.2687e-12     1.9544e-12     3.3136e-12     4.6841e-12     5.9543e-12     8.1182e-12
   31    9    3     2.3272e-12     3.6285e-12     6.0410e-12     8.3871e-12     1.0503e-11     1.4010e-11
   32    9    4     3.1289e-13     4.5760e-13     6.9299e-13     8.7716e-13     1.0131e-12     1.1855e-12
   33    9    5     4.1537e-12     6.6861e-12     1.0271e-11     1.3032e-11     1.5047e-11     1.7555e-11
   34    9    6     2.1976e-12     3.5606e-12     5.4741e-12     6.9466e-12     8.0208e-12     9.3556e-12
   35    9    7     2.8056e-12     1.5887e-12     1.9934e-12     2.9003e-12     3.8889e-12     5.6864e-12
   36    9    8     3.0457e-12     1.7381e-12     2.2261e-12     3.2567e-12     4.3767e-12     6.4295e-12
   37   10    1     3.1755e-13     4.7500e-13     8.6254e-13     1.3897e-12     1.9972e-12     3.2929e-12
   38   10    2     8.6882e-12     1.2428e-11     1.7742e-11     2.1679e-11     2.4475e-11     2.7888e-11
   39   10    3     2.5723e-13     3.6228e-13     6.5181e-13     1.0482e-12     1.5057e-12     2.4825e-12
   40   10    4     1.0108e-12     3.1496e-12     6.9059e-12     1.0515e-11     1.3663e-11     1.8642e-11
   41   10    5     3.4131e-13     1.0525e-12     2.3077e-12     3.5173e-12     4.5752e-12     6.2554e-12
   42   10    6     2.1073e-15     3.5232e-15     7.3601e-15     1.1891e-14     1.6247e-14     2.3252e-14
   43   10    7     1.3538e-12     1.3507e-12     1.6649e-12     2.1064e-12     2.6057e-12     3.6721e-12
   44   10    8     2.3825e-13     8.6171e-13     2.6902e-12     5.2041e-12     7.9597e-12     1.3216e-11
   45   10    9     8.3242e-13     1.3550e-12     2.0515e-12     2.5717e-12     2.9436e-12     3.3917e-12
   46   11    1     2.0633e-12     2.9529e-12     4.2137e-12     5.1447e-12     5.8029e-12     6.5997e-12
   47   11    2     3.0646e-12     4.4039e-12     6.6133e-12     8.6804e-12     1.0565e-11     1.3858e-11
   48   11    3     4.1351e-12     5.9086e-12     8.4295e-12     1.0292e-11     1.1609e-11     1.3205e-11
   49   11    4     4.5085e-13     1.4003e-12     3.0703e-12     4.6765e-12     6.0785e-12     8.2996e-12
   50   11    5     9.0219e-13     2.8045e-12     6.1490e-12     9.3646e-12     1.2170e-11     1.6611e-11
   51   11    6     1.1393e-15     8.0751e-16     1.7307e-15     3.4905e-15     5.7577e-15     1.0935e-14
   52   11    7     1.7181e-13     5.1949e-13     1.4926e-12     2.8057e-12     4.2338e-12     6.9432e-12
   53   11    8     1.6572e-12     1.9770e-12     2.8278e-12     3.8056e-12     4.8005e-12     6.6828e-12
   54   11    9     5.9552e-13     1.0709e-12     2.0861e-12     3.2708e-12     4.4746e-12     6.6532e-12
   55   11   10     2.9467e-13     1.8235e-13     1.7559e-13     2.1395e-13     2.7677e-13     4.3797e-13
   56   12    1     8.4928e-15     2.7058e-15     2.2540e-15     2.7252e-15     3.5637e-15     5.7737e-15
   57   12    2     5.9351e-12     8.4867e-12     1.2190e-11     1.5035e-11     1.7153e-11     1.9971e-11
   58   12    3     3.3195e-12     4.7761e-12     7.0641e-12     9.0793e-12     1.0821e-11     1.3686e-11
   59   12    4     1.1648e-13     3.5545e-13     7.7902e-13     1.1883e-12     1.5468e-12     2.1162e-12
   60   12    5     7.8912e-13     2.4515e-12     5.3751e-12     8.1867e-12     1.0641e-11     1.4527e-11
   61   12    6     4.4858e-13     1.3987e-12     3.0669e-12     4.6695e-12     6.0670e-12     8.2777e-12
   62   12    7     6.7896e-13     1.0104e-12     1.4875e-12     1.8669e-12     2.1585e-12     2.5615e-12
   63   12    8     6.5424e-13     1.3019e-12     2.6640e-12     4.2553e-12     5.8722e-12     8.7881e-12
   64   12    9     1.0913e-12     1.2551e-12     2.2551e-12     3.7600e-12     5.4784e-12     8.9297e-12
   65   12   10     2.7266e-12     1.5402e-12     1.4006e-12     1.6972e-12     2.1300e-12     3.0240e-12
   66   12   11     3.2096e-12     1.8337e-12     1.6801e-12     2.0374e-12     2.5677e-12     3.7037e-12
   67   13    1     1.0041e-15     2.5509e-15     3.9301e-15     5.5391e-15     7.4235e-15     1.1755e-14
   68   13    2     1.5607e-13     2.7652e-13     4.6387e-13     6.1915e-13     7.4065e-13     9.1019e-13
   69   13    3     3.0707e-13     5.4748e-13     9.1927e-13     1.2262e-12     1.4652e-12     1.7966e-12
   70   13    4     9.5614e-13     1.6402e-12     2.9563e-12     4.2260e-12     5.3389e-12     7.1036e-12
   71   13    5     4.3800e-13     7.1828e-13     1.3699e-12     2.1688e-12     3.0185e-12     4.6575e-12
   72   13    6     9.4834e-13     1.6329e-12     2.9471e-12     4.2145e-12     5.3251e-12     7.0849e-12
   73   13    7     3.3937e-12     4.8547e-12     7.4092e-12     9.9213e-12     1.2292e-11     1.6584e-11
   74   13    8     5.8067e-13     9.1030e-13     1.5585e-12     2.2385e-12     2.8800e-12     3.9597e-12
   75   13    9     3.7429e-12     5.3108e-12     7.7773e-12     9.8776e-12     1.1595e-11     1.4148e-11
   76   13   10     2.1384e-13     7.0748e-13     1.6931e-12     2.7960e-12     3.8728e-12     5.7624e-12
   77   13   11     1.7845e-13     2.7889e-13     5.2811e-13     8.4977e-13     1.2038e-12     1.9075e-12
   78   13   12     3.5413e-13     7.8503e-13     1.7083e-12     2.7959e-12     3.9078e-12     5.9617e-12
   79   14    1     7.8675e-16     1.0502e-15     1.4959e-15     2.0890e-15     2.7619e-15     4.1028e-15
   80   14    2     2.8976e-13     5.1723e-13     8.6796e-13     1.1582e-12     1.3853e-12     1.7026e-12
   81   14    3     1.7359e-13     3.0831e-13     5.1761e-13     6.9051e-13     8.2520e-13     1.0118e-12
   82   14    4     1.4951e-13     2.3806e-13     4.6422e-13     7.6523e-13     1.1019e-12     1.7780e-12
   83   14    5     2.1155e-12     3.6285e-12     6.5643e-12     9.4393e-12     1.1997e-11     1.6125e-11
   84   14    6     7.7434e-14     1.2480e-13     2.4481e-13     4.0470e-13     5.8355e-13     9.4267e-13
   85   14    7     3.2261e-13     5.0573e-13     8.6584e-13     1.2436e-12     1.6000e-12     2.1999e-12
   86   14    8     5.0917e-12     7.2730e-12     1.0974e-11     1.4476e-11     1.7665e-11     2.3186e-11
   87   14    9     2.3030e-12     3.2971e-12     4.9051e-12     6.3179e-12     7.5023e-12     9.3058e-12
   88   14   10     6.4395e-14     9.0240e-14     1.6089e-13     2.5674e-13     3.6608e-13     5.9038e-13
   89   14   11     4.5141e-13     1.2380e-12     2.8499e-12     4.6895e-12     6.5185e-12     9.7959e-12
   90   14   12     2.3060e-13     4.4309e-13     9.1862e-13     1.4954e-12     2.0998e-12     3.2451e-12
   91   14   13     3.8420e-14     6.2920e-14     1.4402e-13     2.5054e-13     3.8793e-13     7.5343e-13
   92   15    1     1.5305e-13     2.7246e-13     4.5767e-13     6.1032e-13     7.2890e-13     8.9243e-13
   93   15    2     2.8945e-13     5.1500e-13     8.6448e-13     1.1533e-12     1.3787e-12     1.6918e-12
   94   15    3     2.1567e-14     3.9028e-14     6.4909e-14     8.7202e-14     1.0572e-13     1.3435e-13
   95   15    4     1.4673e-12     2.5138e-12     4.5649e-12     6.6069e-12     8.4523e-12     1.1486e-11
   96   15    5     8.7131e-13     1.4740e-12     2.7039e-12     3.9967e-12     5.2233e-12     7.3507e-12
   97   15    6     3.9115e-15     3.6771e-15     4.6339e-15     5.7053e-15     6.8862e-15     9.3488e-15
   98   15    7     2.6735e-12     3.7934e-12     5.5552e-12     7.0554e-12     8.2823e-12     1.0106e-11
   99   15    8     2.9610e-12     4.2391e-12     6.3065e-12     8.1230e-12     9.6458e-12     1.1965e-11
  100   15    9     2.0828e-12     3.0433e-12     4.8832e-12     6.8590e-12     8.8394e-12     1.2621e-11
  101   15   10     2.1232e-13     4.4146e-13     9.4146e-13     1.5377e-12     2.1537e-12     3.3038e-12
  102   15   11     3.3711e-13     6.8897e-13     1.4598e-12     2.3820e-12     3.3374e-12     5.1269e-12
  103   15   12     1.9696e-13     6.4094e-13     1.5281e-12     2.5220e-12     3.4934e-12     5.2008e-12
  104   15   13     5.6501e-13     5.9038e-13     1.2446e-12     1.9837e-12     2.6764e-12     3.8446e-12
  105   15   14     6.0233e-13     6.4727e-13     1.3736e-12     2.2057e-12     3.0153e-12     4.4860e-12
  106   16    1     6.6214e-13     1.1318e-12     1.9868e-12     2.7671e-12     3.4189e-12     4.3944e-12
  107   16    2     6.8705e-13     1.3084e-12     2.7730e-12     4.4835e-12     6.1920e-12     9.2125e-12
  108   16    3     7.5432e-13     1.2762e-12     2.2373e-12     3.1152e-12     3.8486e-12     4.9463e-12
  109   16    4     1.0527e-14     2.2966e-14     5.4557e-14     1.0643e-13     1.7348e-13     3.2993e-13
  110   16    5     6.5812e-15     1.4245e-14     3.3044e-14     6.3756e-14     1.0355e-13     1.9703e-13
  111   16    6     1.9430e-16     8.2782e-16     2.1430e-15     3.8683e-15     5.7930e-15     9.6822e-15
  112   16    7     2.0983e-12     3.2604e-12     5.2509e-12     7.0571e-12     8.6413e-12     1.1288e-11
  113   16    8     1.9406e-13     3.6978e-13     8.4039e-13     1.5034e-12     2.2930e-12     4.0171e-12
  114   16    9     1.1565e-12     1.8420e-12     3.0847e-12     4.2690e-12     5.3180e-12     7.0026e-12
  115   16   10     3.9845e-12     5.8649e-12     9.2855e-12     1.2446e-11     1.5147e-11     1.9324e-11
  116   16   11     2.0712e-13     3.2769e-13     6.3217e-13     9.6345e-13     1.2713e-12     1.7754e-12
  117   16   12     1.2184e-12     1.7692e-12     2.8275e-12     3.8337e-12     4.7182e-12     6.1352e-12
  118   16   13     1.0245e-12     1.5778e-12     2.6369e-12     3.6861e-12     4.6375e-12     6.2242e-12
  119   16   14     3.2768e-14     4.9026e-14     9.7055e-14     1.5769e-13     2.2260e-13     3.5412e-13
  120   16   15     3.3766e-13     5.1219e-13     8.9064e-13     1.3011e-12     1.6986e-12     2.4089e-12
  121   17    1     5.0544e-15     1.6967e-15     1.5055e-15     1.6248e-15     1.7799e-15     2.0862e-15
  122   17    2     9.1510e-13     1.6358e-12     3.1554e-12     4.7669e-12     6.2809e-12     8.8250e-12
  123   17    3     1.1834e-12     2.0791e-12     3.8406e-12     5.5977e-12     7.1772e-12     9.7266e-12
  124   17    4     9.3618e-16     2.4502e-15     5.7234e-15     1.0387e-14     1.5971e-14     2.8266e-14
  125   17    5     1.0935e-14     2.3832e-14     5.6182e-14     1.0919e-13     1.7774e-13     3.3810e-13
  126   17    6     5.4415e-15     1.1713e-14     2.7788e-14     5.4425e-14     8.9025e-14     1.7011e-13
  127   17    7     7.4122e-13     1.1860e-12     2.0001e-12     2.7821e-12     3.4757e-12     4.5828e-12
  128   17    8     9.6974e-13     1.5688e-12     2.7157e-12     3.8946e-12     5.0197e-12     7.0089e-12
  129   17    9     1.7379e-12     2.7173e-12     4.4600e-12     6.1529e-12     7.7570e-12     1.0716e-11
  130   17   10     8.0350e-14     1.0085e-13     1.7872e-13     2.7107e-13     3.6768e-13     5.5263e-13
  131   17   11     1.0064e-12     1.4739e-12     2.4062e-12     3.3122e-12     4.1163e-12     5.4095e-12
  132   17   12     4.3234e-12     6.3870e-12     1.0160e-11     1.3660e-11     1.6653e-11     2.1273e-11
  133   17   13     1.8895e-13     2.8505e-13     5.0278e-13     7.4559e-13     9.8501e-13     1.4204e-12
  134   17   14     2.7356e-13     4.1473e-13     7.2589e-13     1.0668e-12     1.3994e-12     2.0000e-12
  135   17   15     9.3244e-13     1.4393e-12     2.3959e-12     3.3325e-12     4.1744e-12     5.5669e-12
  136   17   16     2.1434e-12     1.3432e-12     1.5422e-12     2.0857e-12     2.7171e-12     3.9501e-12
  137   18    1     1.4818e-13     2.9204e-13     6.4300e-13     1.0651e-12     1.4941e-12     2.2624e-12
  138   18    2     1.6825e-12     2.8968e-12     5.1952e-12     7.3819e-12     9.2745e-12     1.2217e-11
  139   18    3     2.7282e-13     5.2754e-13     1.1589e-12     1.9187e-12     2.6909e-12     4.0740e-12
  140   18    4     6.7054e-15     1.4495e-14     3.4017e-14     6.6173e-14     1.0792e-13     2.0596e-13
  141   18    5     1.0536e-14     2.3314e-14     5.5364e-14     1.0742e-13     1.7430e-13     3.2968e-13
  142   18    6     7.0420e-17     1.2888e-16     1.1574e-16     1.1466e-16     1.8030e-16     5.3570e-16
  143   18    7     7.3809e-14     1.5280e-13     3.8459e-13     7.3061e-13     1.1553e-12     2.1041e-12
  144   18    8     2.7111e-12     4.2375e-12     6.8958e-12     9.3529e-12     1.1530e-11     1.5176e-11
  145   18    9     6.6394e-13     1.0818e-12     1.8955e-12     2.7461e-12     3.5666e-12     5.0278e-12
  146   18   10     5.4494e-14     9.3792e-14     2.0154e-13     3.2285e-13     4.3625e-13     6.2048e-13
  147   18   11     5.2418e-12     7.7054e-12     1.2228e-11     1.6428e-11     2.0035e-11     2.5640e-11
  148   18   12     1.1381e-13     1.6260e-13     3.1562e-13     4.9204e-13     6.6611e-13     9.7380e-13
  149   18   13     8.6702e-15     1.2825e-14     2.8902e-14     5.1069e-14     7.5992e-14     1.2931e-13
  150   18   14     1.2227e-12     1.8796e-12     3.1572e-12     4.4390e-12     5.6129e-12     7.5925e-12
  151   18   15     1.6358e-13     2.4663e-13     4.3854e-13     6.5492e-13     8.6999e-13     1.2656e-12
  152   18   16     1.1276e-13     9.1452e-14     2.0982e-13     4.3903e-13     7.5355e-13     1.5103e-12
  153   18   17     1.8159e-12     1.1476e-12     1.3661e-12     1.9195e-12     2.5846e-12     3.9494e-12
  154   19    1     6.2819e-14     1.1482e-13     2.2885e-13     3.6041e-13     4.9581e-13     7.5314e-13
  155   19    2     6.0646e-14     9.7714e-14     1.6820e-13     2.4412e-13     3.2255e-13     4.8547e-13
  156   19    3     7.6064e-14     1.3828e-13     2.7526e-13     4.3332e-13     5.9597e-13     9.0508e-13
  157   19    4     3.6321e-13     6.9077e-13     1.4593e-12     2.3824e-12     3.3307e-12     5.0610e-12
  158   19    5     2.4384e-13     4.6100e-13     9.7324e-13     1.5887e-12     2.2211e-12     3.3753e-12
  159   19    6     6.6946e-16     3.1970e-16     5.7009e-16     9.6188e-16     1.3999e-15     2.2961e-15
  160   19    7     4.2278e-12     6.6348e-12     1.0710e-11     1.4451e-11     1.7710e-11     2.2971e-11
  161   19    8     7.7866e-14     1.3729e-13     2.9551e-13     5.1026e-13     7.5577e-13     1.2617e-12
  162   19    9     7.0512e-13     1.1047e-12     1.8261e-12     2.5187e-12     3.1464e-12     4.2118e-12
  163   19   10     1.7347e-12     2.6395e-12     4.0192e-12     5.1631e-12     6.0621e-12     7.3124e-12
  164   19   11     8.6805e-14     1.4969e-13     3.2146e-13     5.8358e-13     9.2224e-13     1.7305e-12
  165   19   12     6.0686e-13     9.0999e-13     1.3865e-12     1.7889e-12     2.1115e-12     2.5731e-12
  166   19   13     5.9151e-12     7.9605e-12     1.1220e-11     1.3955e-11     1.6132e-11     1.9187e-11
  167   19   14     2.4447e-13     3.7416e-13     6.7948e-13     1.0526e-12     1.4538e-12     2.2436e-12
  168   19   15     2.4570e-12     3.4149e-12     5.1693e-12     6.8814e-12     8.4351e-12     1.0988e-11
  169   19   16     4.2469e-13     5.0511e-13     7.9144e-13     1.1677e-12     1.5743e-12     2.3989e-12
  170   19   17     4.5206e-14     7.9225e-14     1.7985e-13     3.3022e-13     5.1344e-13     9.1818e-13
  171   19   18     4.9477e-15     1.4145e-14     4.5863e-14     1.0652e-13     1.9930e-13     4.7280e-13
  172   20    1     1.2477e-14     1.9230e-14     3.0897e-14     4.2829e-14     5.5197e-14     8.2612e-14
  173   20    2     1.6480e-13     2.9761e-13     5.8687e-13     9.1946e-13     1.2618e-12     1.9155e-12
  174   20    3     2.2297e-14     3.3972e-14     5.4507e-14     7.5518e-14     9.7288e-14     1.4549e-13
  175   20    4     2.5265e-13     4.7966e-13     1.0132e-12     1.6540e-12     2.3125e-12     3.5140e-12
  176   20    5     3.5455e-13     6.7236e-13     1.4198e-12     2.3177e-12     3.2403e-12     4.9238e-12
  177   20    6     5.4246e-16     1.2215e-16     5.8796e-17     6.1702e-17     1.2895e-16     4.2830e-16
  178   20    7     2.5515e-14     4.9289e-14     1.2134e-13     2.2745e-13     3.5356e-13     6.1987e-13
  179   20    8     4.8932e-12     7.6795e-12     1.2419e-11     1.6789e-11     2.0609e-11     2.6807e-11
  180   20    9     9.2041e-14     1.4798e-13     2.9063e-13     4.6350e-13     6.4884e-13     1.0170e-12
  181   20   10     1.3753e-14     3.1544e-14     9.5395e-14     2.0819e-13     3.6337e-13     7.4879e-13
  182   20   11     2.3846e-12     3.6232e-12     5.5285e-12     7.1260e-12     8.4000e-12     1.0218e-11
  183   20   12     3.0034e-14     4.4301e-14     1.0317e-13     2.0138e-13     3.3225e-13     6.4892e-13
  184   20   13     1.8859e-14     4.5424e-14     1.3205e-13     2.5930e-13     4.1074e-13     7.3530e-13
  185   20   14     7.4566e-12     1.0083e-11     1.4368e-11     1.8072e-11     2.1106e-11     2.5532e-11
  186   20   15     1.1411e-12     1.6214e-12     2.5683e-12     3.5580e-12     4.5049e-12     6.1511e-12
  187   20   16     2.4496e-15     7.6590e-15     2.6096e-14     6.2309e-14     1.1879e-13     2.8856e-13
  188   20   17     1.7331e-14     4.0291e-14     1.0782e-13     2.1431e-13     3.5120e-13     6.7553e-13
  189   20   18     4.5507e-13     5.5054e-13     8.8325e-13     1.3278e-12     1.8171e-12     2.8257e-12
  190   20   19     3.9233e-14     2.6637e-14     6.0299e-14     1.2935e-13     2.3264e-13     5.2000e-13
  191   21    1     6.2819e-14     1.1482e-13     2.2885e-13     3.6041e-13     4.9581e-13     7.5314e-13
  192   21    2     6.0646e-14     9.7714e-14     1.6820e-13     2.4412e-13     3.2255e-13     4.8547e-13
  193   21    3     7.6064e-14     1.3828e-13     2.7526e-13     4.3332e-13     5.9597e-13     9.0508e-13
  194   21    4     3.6321e-13     6.9077e-13     1.4593e-12     2.3824e-12     3.3307e-12     5.0610e-12
  195   21    5     2.4384e-13     4.6100e-13     9.7324e-13     1.5887e-12     2.2211e-12     3.3753e-12
  196   21    6     6.6946e-16     3.1970e-16     5.7009e-16     9.6188e-16     1.3999e-15     2.2961e-15
  197   21    7     4.2278e-12     6.6348e-12     1.0710e-11     1.4451e-11     1.7710e-11     2.2971e-11
  198   21    8     7.7866e-14     1.3729e-13     2.9551e-13     5.1026e-13     7.5577e-13     1.2617e-12
  199   21    9     7.0512e-13     1.1047e-12     1.8261e-12     2.5187e-12     3.1464e-12     4.2118e-12
  200   21   10     1.7347e-12     2.6395e-12     4.0192e-12     5.1631e-12     6.0621e-12     7.3124e-12
  201   21   11     8.6805e-14     1.4969e-13     3.2146e-13     5.8358e-13     9.2224e-13     1.7305e-12
  202   21   12     6.0686e-13     9.0999e-13     1.3865e-12     1.7889e-12     2.1115e-12     2.5731e-12
  203   21   13     5.9151e-12     7.9605e-12     1.1220e-11     1.3955e-11     1.6132e-11     1.9187e-11
  204   21   14     2.4447e-13     3.7416e-13     6.7948e-13     1.0526e-12     1.4538e-12     2.2436e-12
  205   21   15     2.4570e-12     3.4149e-12     5.1693e-12     6.8814e-12     8.4351e-12     1.0988e-11
  206   21   16     4.2469e-13     5.0511e-13     7.9144e-13     1.1677e-12     1.5743e-12     2.3989e-12
  207   21   17     4.5206e-14     7.9225e-14     1.7985e-13     3.3022e-13     5.1344e-13     9.1818e-13
  208   21   18     4.9477e-15     1.4145e-14     4.5863e-14     1.0652e-13     1.9930e-13     4.7280e-13
  209   21   19     1.2173e-09     1.3506e-09     1.3852e-09     1.4180e-09     1.4521e-09     1.5201e-09
  210   21   20     5.6687e-14     3.8484e-14     8.7084e-14     1.8681e-13     3.3600e-13     7.5101e-13
  211   22    1     4.9586e-14     1.0431e-13     2.2249e-13     3.5873e-13     4.9594e-13     7.4512e-13
  212   22    2     8.9002e-14     1.8648e-13     3.9880e-13     6.4432e-13     8.9224e-13     1.3444e-12
  213   22    3     1.4047e-14     2.9604e-14     6.4205e-14     1.0431e-13     1.4493e-13     2.1956e-13
  214   22    4     5.1018e-13     9.3800e-13     1.7126e-12     2.5419e-12     3.3778e-12     4.9976e-12
  215   22    5     3.2528e-13     5.8139e-13     1.0229e-12     1.4542e-12     1.8584e-12     2.5936e-12
  216   22    6     3.3552e-15     3.3969e-15     6.1240e-15     9.3270e-15     1.2622e-14     1.9176e-14
  217   22    7     2.0383e-13     3.7897e-13     7.1780e-13     1.0855e-12     1.4507e-12     2.1207e-12
  218   22    8     3.0379e-13     5.5891e-13     1.0518e-12     1.5843e-12     2.1116e-12     3.0762e-12
  219   22    9     1.6383e-14     2.8983e-14     6.7047e-14     1.1387e-13     1.6320e-13     2.5850e-13
  220   22   10     6.4533e-13     1.0805e-12     1.7482e-12     2.3219e-12     2.7963e-12     3.5174e-12
  221   22   11     9.7087e-13     1.6075e-12     2.5876e-12     3.4203e-12     4.1001e-12     5.1131e-12
  222   22   12     9.4506e-14     1.4898e-13     3.3674e-13     5.9734e-13     8.9815e-13     1.5495e-12
  223   22   13     2.6607e-12     4.0549e-12     6.0910e-12     7.6798e-12     8.8681e-12     1.0431e-11
  224   22   14     2.8032e-12     4.2825e-12     6.5389e-12     8.3910e-12     9.8514e-12     1.1914e-11
  225   22   15     9.0336e-13     1.3172e-12     2.0767e-12     2.7865e-12     3.4112e-12     4.4179e-12
  226   22   16     2.2429e-12     2.9870e-12     4.2895e-12     5.4189e-12     6.3444e-12     7.7030e-12
  227   22   17     2.5780e-12     3.4228e-12     4.7887e-12     5.8717e-12     6.6827e-12     7.7306e-12
  228   22   18     1.6404e-12     2.1728e-12     3.2075e-12     4.1802e-12     5.0333e-12     6.3912e-12
  229   22   19     1.7688e-13     3.1768e-13     6.4247e-13     1.0210e-12     1.4047e-12     2.1117e-12
  230   22   20     1.9201e-13     3.6601e-13     7.6921e-13     1.2452e-12     1.7316e-12     2.6320e-12
  231   22   21     1.7688e-13     3.1768e-13     6.4247e-13     1.0210e-12     1.4047e-12     2.1117e-12
  232   23    1     8.0474e-16     1.2522e-15     2.8762e-15     5.0511e-15     7.5005e-15     1.2658e-14
  233   23    2     1.0086e-13     2.1251e-13     4.5452e-13     7.3361e-13     1.0148e-12     1.5261e-12
  234   23    3     5.1024e-14     1.0672e-13     2.2820e-13     3.6880e-13     5.1090e-13     7.7037e-13
  235   23    4     1.3159e-13     2.2885e-13     3.8484e-13     5.1619e-13     6.2242e-13     7.8696e-13
  236   23    5     6.4307e-13     1.1812e-12     2.1675e-12     3.2358e-12     4.3215e-12     6.4395e-12
  237   23    6     6.4103e-14     1.1272e-13     1.8935e-13     2.5344e-13     3.0491e-13     3.8391e-13
  238   23    7     1.1846e-13     2.1463e-13     4.0149e-13     6.0258e-13     8.0120e-13     1.1635e-12
  239   23    8     1.7998e-13     3.3672e-13     6.5166e-13     9.9939e-13     1.3480e-12     1.9930e-12
  240   23    9     2.2560e-13     4.1551e-13     7.8349e-13     1.1816e-12     1.5763e-12     2.2989e-12
  241   23   10     2.3270e-13     3.7571e-13     5.9764e-13     7.8100e-13     9.2585e-13     1.1305e-12
  242   23   11     7.8450e-13     1.3130e-12     2.2266e-12     3.1155e-12     3.9400e-12     5.3972e-12
  243   23   12     6.9350e-13     1.1482e-12     1.8483e-12     2.4431e-12     2.9286e-12     3.6522e-12
  244   23   13     5.4881e-13     8.3997e-13     1.3691e-12     1.8779e-12     2.3371e-12     3.0901e-12
  245   23   14     3.5717e-12     5.3882e-12     8.1154e-12     1.0289e-11     1.1950e-11     1.4208e-11
  246   23   15     2.2467e-12     3.4264e-12     5.2220e-12     6.6904e-12     7.8436e-12     9.4648e-12
  247   23   16     3.0782e-13     3.9627e-13     6.3530e-13     9.0104e-13     1.1622e-12     1.6273e-12
  248   23   17     1.7227e-12     2.2860e-12     3.3225e-12     4.2564e-12     5.0478e-12     6.2584e-12
  249   23   18     4.4309e-12     5.9003e-12     8.3279e-12     1.0313e-11     1.1850e-11     1.3939e-11
  250   23   19     8.5615e-14     1.7031e-13     3.6770e-13     6.0311e-13     8.4499e-13     1.2942e-12
  251   23   20     2.1643e-13     3.5722e-13     6.8118e-13     1.0515e-12     1.4219e-12     2.0988e-12
  252   23   21     8.5615e-14     1.7031e-13     3.6770e-13     6.0311e-13     8.4499e-13     1.2942e-12
  253   23   22     3.6150e-12     2.0041e-12     2.4501e-12     3.4915e-12     4.5978e-12     6.5450e-12
  254   24    1     4.2784e-16     1.3705e-15     3.4117e-15     5.6289e-15     7.7692e-15     1.1581e-14
  255   24    2     4.0263e-14     8.3323e-14     1.7899e-13     2.9045e-13     4.0375e-13     6.1246e-13
  256   24    3     1.1192e-13     2.3568e-13     5.0311e-13     8.1131e-13     1.1216e-12     1.6851e-12
  257   24    4     2.4060e-13     4.4058e-13     8.1708e-13     1.2347e-12     1.6660e-12     2.5183e-12
  258   24    5     2.8739e-13     5.0489e-13     8.5344e-13     1.1523e-12     1.3992e-12     1.7917e-12
  259   24    6     3.1079e-13     5.7729e-13     1.0711e-12     1.6184e-12     2.1835e-12     3.3002e-12
  260   24    7     7.7611e-15     1.8669e-14     5.3385e-14     9.8669e-14     1.4782e-13     2.4518e-13
  261   24    8     1.9663e-13     3.5462e-13     6.6209e-13     9.9255e-13     1.3186e-12     1.9129e-12
  262   24    9     3.1967e-13     5.9360e-13     1.1212e-12     1.6924e-12     2.2590e-12     3.2972e-12
  263   24   10     9.2157e-14     1.5950e-13     3.6441e-13     6.4737e-13     9.7366e-13     1.6798e-12
  264   24   11     5.4298e-13     8.7666e-13     1.3945e-12     1.8223e-12     2.1603e-12     2.6379e-12
  265   24   12     1.0755e-12     1.8008e-12     2.9136e-12     3.8698e-12     4.6605e-12     5.8623e-12
  266   24   13     1.8650e-12     2.7755e-12     4.1617e-12     5.2678e-12     6.1129e-12     7.2656e-12
  267   24   14     6.3803e-13     9.7836e-13     1.6798e-12     2.4157e-12     3.1204e-12     4.3401e-12
  268   24   15     3.8642e-12     5.9007e-12     8.8650e-12     1.1174e-11     1.2897e-11     1.5157e-11
  269   24   16     3.9194e-12     5.2225e-12     7.2944e-12     8.9207e-12     1.0126e-11     1.1656e-11
  270   24   17     2.4527e-12     3.2656e-12     4.7423e-12     6.0667e-12     7.1847e-12     8.8873e-12
  271   24   18     8.9315e-14     9.4406e-14     2.4893e-13     4.8329e-13     7.4989e-13     1.2814e-12
  272   24   19     1.4446e-13     2.1277e-13     3.6877e-13     5.3947e-13     7.0494e-13     1.0013e-12
  273   24   20     9.8109e-14     2.0266e-13     4.4723e-13     7.4103e-13     1.0441e-12     1.6083e-12
  274   24   21     1.4446e-13     2.1277e-13     3.6877e-13     5.3947e-13     7.0494e-13     1.0013e-12
  275   24   22     7.1783e-12     4.0458e-12     4.9742e-12     7.0946e-12     9.3398e-12     1.3281e-11
  276   24   23     1.0702e-12     5.1921e-13     6.0326e-13     8.5286e-13     1.1260e-12     1.6185e-12
