!MOLECULE
o-CH2
!MOLECULAR WEIGHT
14.0
!NUMBER OF ENERGY LEVELS
22
!LEVEL + ENERGIES(cm^-1) + WEIGHT + QNUM (J, N, eps*Ka) 
1       0.0        3.0   1.0    0.0     0        
2      46.633844   3.0   1.0    2.0     0
3      46.793384   7.0   3.0    2.0     0
4      47.142583   5.0   2.0    2.0     0   
5      78.212842   3.0   1.0    1.0    -1   
6      78.342720   5.0   2.0    1.0    -1   
7      78.546399   1.0   0.0    1.0    -1
8     111.950046   3.0   1.0    2.0     1   
9     112.002402   7.0   3.0    2.0     1   
10    112.156143   5.0   2.0    2.0     1   
11    153.490456   5.0   2.0    3.0    -1   
12    153.560293   9.0   4.0    3.0    -1
13    153.863556   7.0   3.0    3.0    -1   
14    155.793989   7.0   3.0    4.0     0   
15    155.841067  11.0   5.0    4.0     0   
16    156.221172   9.0   4.0    4.0     0   
17    225.599708   7.0   3.0    4.0     1    
18    225.626385  11.0   5.0    4.0     1    
19    225.923431   9.0   4.0    4.0     1    
20    276.033197   5.0   2.0    2.0     2   
21    276.362530   7.0   3.0    2.0     2    
22    276.553873   3.0   1.0    2.0     2   
!NUMBER OF RADIATIVE TRANSITIONS
41
!TRANS + UP + LOW + EINSTEINA(s^-1) + FREQ(GHz) + E_u(K)
1     7    1    0.0163       2354.055       112.977
2     5    1    0.0163       2344.058       112.497
3     6    1    0.0163       2347.951       112.684
4     8    2    0.0105       1957.542       161.023
5     8    4    0.00351      1942.296       161.023
6    10    2    0.00217      1963.719       161.319
7    10    4    0.00962      1948.472       161.319
8    10    3    0.00216      1958.938       161.319
9     9    4    0.00151      1943.865       161.098
10    9    3    0.0125       1954.330       161.098
11   11    2    0.0298       3202.519       220.772
12   11    4    0.00559      3187.272       220.772
13   11    3    0.000170     3197.737       220.772
14   13    4    0.0317       3198.454       221.309
15   13    3    0.00392      3208.919       221.309
16   12    3    0.0356       3199.830       220.873
17    7    2    0.00091       956.427       112.977
18    5    2    0.000050      946.430       112.497
19    5    4    0.00027       931.183       112.497
20    6    2    0.00026       950.323       112.684
21    6    4    0.00031       935.076       112.684
22    6    3    0.00056       945.541       112.684
23   22    7    0.356        5934.333       397.780
24   22    5    0.122        5944.329       397.780
25   20    5    0.252        5928.725       397.031
26   20    6    0.117        5924.832       397.031
27   21    6    0.430        5934.702       397.505
28   22    8    0.0704       4933.217       397.780
29   20   10    0.0959       4911.436       397.031
30   21    9    0.1737       4925.913       397.505
31   21   12    0.0071       3680.413       397.505
32   17   14    0.0401       2092.095       324.490
33   17   16    0.0014       2079.292       324.490
34   19   14    0.0011       2101.797       324.956
35   19   16    0.0457       2088.994       324.956
36   19   15    0.0011       2100.386       324.956
37   18   16    0.00034      2080.091       324.529
38   18   15    0.0449       2091.483       324.529
39   14   11    4.9e-7         69.037       224.086
40   16   13    5.5e-7         70.658       224.700
41   15   12    5.4e-7         68.355       224.153
!NUMBER OF COLL PARTNERS
1
!COLLISIONS BETWEEN
1 ortho-CH2-H2, obtained from o-CH2-He rates scaled by 1.4, Dagdigian and Lique, MNRAS 473, 4824-4831 (2018)
!NUMBER OF COLL TRANS
231
!NUMBER OF COLL TEMPS
6
!COLL TEMPS  
   15.0   50.0  100.0  150.0  200.0  300.0
!TRANS + UP + LOW + COLLRATES(cm^3 s^-1)
    1    2    1     9.7523e-13     2.4384e-12     5.0383e-12     7.5995e-12     9.9151e-12     1.3734e-11
    2    3    1     9.7523e-13     2.4384e-12     5.0383e-12     7.5995e-12     9.9151e-12     1.3734e-11
    3    3    2     1.0625e-12     5.9578e-13     6.5474e-13     9.4641e-13     1.3147e-12     2.0668e-12
    4    4    1     9.7523e-13     2.4384e-12     5.0383e-12     7.5995e-12     9.9151e-12     1.3734e-11
    5    4    2     4.9063e-12     2.6635e-12     2.8658e-12     3.8883e-12     5.0386e-12     7.1125e-12
    6    4    3     6.4655e-12     3.5345e-12     3.8207e-12     5.2591e-12     6.9295e-12     1.0055e-11
    7    5    1     4.4667e-13     7.3418e-13     1.4700e-12     2.5401e-12     3.8028e-12     6.5212e-12
    8    5    2     6.0586e-14     6.3851e-14     1.0752e-13     1.8845e-13     2.9482e-13     5.4671e-13
    9    5    3     8.4627e-12     1.2003e-11     1.6986e-11     2.0732e-11     2.3404e-11     2.6615e-11
   10    5    4     4.3091e-12     6.1252e-12     8.7641e-12     1.0885e-11     1.2536e-11     1.4872e-11
   11    6    1     4.4667e-13     7.3418e-13     1.4700e-12     2.5401e-12     3.8028e-12     6.5212e-12
   12    6    2     4.5598e-12     6.4760e-12     9.1707e-12     1.1197e-11     1.2644e-11     1.4385e-11
   13    6    3     3.1725e-12     4.4849e-12     6.4378e-12     8.0619e-12     9.3784e-12     1.1362e-11
   14    6    4     5.1001e-12     7.2310e-12     1.0249e-11     1.2546e-11     1.4213e-11     1.6287e-11
   15    6    5     1.9994e-12     1.5490e-12     2.4873e-12     3.5610e-12     4.5045e-12     5.9659e-12
   16    7    1     4.4667e-13     7.3418e-13     1.4700e-12     2.5401e-12     3.8028e-12     6.5212e-12
   17    7    2     1.1755e-13     1.7405e-13     3.6819e-13     6.9805e-13     1.1189e-12     2.0961e-12
   18    7    3     1.2645e-11     1.7973e-11     2.5455e-11     3.1076e-11     3.5082e-11     3.9888e-11
   19    7    4     6.9302e-14     4.5147e-14     3.4371e-14     3.0970e-14     3.3525e-14     5.0341e-14
   20    7    5     1.5039e-12     5.9995e-13     3.1046e-13     2.2310e-13     1.9310e-13     1.9147e-13
   21    7    6     3.6075e-12     3.1088e-12     5.3549e-12     7.7894e-12     9.9027e-12     1.3151e-11
   22    8    1     8.5223e-15     1.9907e-14     1.5424e-14     1.4234e-14     1.5071e-14     1.9679e-14
   23    8    2     1.6363e-13     3.6407e-13     1.0812e-12     2.1774e-12     3.4861e-12     6.3364e-12
   24    8    3     1.8656e-12     2.6134e-12     3.7142e-12     4.5437e-12     5.1372e-12     5.8649e-12
   25    8    4     3.7664e-12     5.3284e-12     7.7715e-12     9.7930e-12     1.1411e-11     1.3804e-11
   26    8    5     1.4139e-12     2.5867e-12     5.1229e-12     8.0980e-12     1.1028e-11     1.6149e-11
   27    8    6     4.7652e-13     8.7144e-13     1.7171e-12     2.7111e-12     3.6910e-12     5.4054e-12
   28    8    7     5.5973e-15     1.3397e-14     1.3140e-14     1.4128e-14     1.5632e-14     1.8558e-14
   29    9    1     8.5223e-15     1.9907e-14     1.5424e-14     1.4234e-14     1.5071e-14     1.9679e-14
   30    9    2     7.9955e-13     1.1200e-12     1.5918e-12     1.9473e-12     2.2017e-12     2.5135e-12
   31    9    3     2.5818e-12     3.7806e-12     6.0473e-12     8.4113e-12     1.0722e-11     1.5029e-11
   32    9    4     2.4143e-12     3.4052e-12     4.9279e-12     6.1555e-12     7.1101e-12     8.4624e-12
   33    9    5     6.2953e-13     1.1508e-12     2.2782e-12     3.6013e-12     4.9048e-12     7.1837e-12
   34    9    6     1.2650e-12     2.3179e-12     4.5720e-12     7.2184e-12     9.8257e-12     1.4383e-11
   35    9    7     1.6019e-15     2.9117e-15     2.9337e-15     3.4969e-15     4.3236e-15     6.1922e-15
   36    9    8     1.3448e-13     2.8303e-13     6.0758e-13     1.0487e-12     1.5596e-12     2.6269e-12
   37   10    1     8.5223e-15     1.9907e-14     1.5424e-14     1.4234e-14     1.5071e-14     1.9679e-14
   38   10    2     2.2599e-12     3.1970e-12     4.6629e-12     5.8758e-12     6.8465e-12     8.2824e-12
   39   10    3     3.3800e-12     4.7673e-12     6.8991e-12     8.6177e-12     9.9541e-12     1.1847e-11
   40   10    4     1.5582e-13     3.4149e-13     1.0049e-12     2.0206e-12     3.2335e-12     5.8755e-12
   41   10    5     1.6634e-13     3.0832e-13     5.8985e-13     9.2250e-13     1.2512e-12     1.8266e-12
   42   10    6     1.1031e-12     2.0180e-12     3.9908e-12     6.3063e-12     8.5874e-12     1.2575e-11
   43   10    7     6.2649e-13     1.1452e-12     2.2725e-12     3.5944e-12     4.8962e-12     7.1713e-12
   44   10    8     2.5955e-13     5.8496e-13     1.3308e-12     2.0518e-12     2.6762e-12     3.6495e-12
   45   10    9     4.4349e-13     9.7351e-13     2.1677e-12     3.4873e-12     4.7971e-12     7.1899e-12
   46   11    1     2.3784e-12     3.8731e-12     6.2309e-12     8.1578e-12     9.6388e-12     1.1652e-11
   47   11    2     1.5027e-12     2.2273e-12     3.4922e-12     4.7130e-12     5.8650e-12     7.9708e-12
   48   11    3     1.0877e-12     2.0207e-12     4.1895e-12     6.7039e-12     9.2115e-12     1.3639e-11
   49   11    4     2.4559e-12     3.5782e-12     5.2687e-12     6.5771e-12     7.5574e-12     8.8792e-12
   50   11    5     1.4767e-12     2.1749e-12     3.6132e-12     4.9615e-12     6.1116e-12     7.8830e-12
   51   11    6     2.8543e-13     3.7432e-13     5.9200e-13     8.0546e-13     1.0042e-12     1.3622e-12
   52   11    7     1.4265e-12     2.1635e-12     3.6043e-12     4.9484e-12     6.0918e-12     7.8468e-12
   53   11    8     8.0207e-13     1.4864e-12     2.8397e-12     4.1269e-12     5.2497e-12     7.0387e-12
   54   11    9     1.4773e-13     1.8739e-13     3.7388e-13     6.0405e-13     8.4368e-13     1.2951e-12
   55   11   10     6.8393e-13     1.1610e-12     2.2369e-12     3.3262e-12     4.3249e-12     6.0029e-12
   56   12    1     2.3784e-12     3.8731e-12     6.2309e-12     8.1578e-12     9.6388e-12     1.1652e-11
   57   12    2     3.7683e-13     7.5284e-13     1.6769e-12     2.7841e-12     3.9067e-12     5.9133e-12
   58   12    3     3.1305e-12     4.6653e-12     7.2763e-12     9.6812e-12     1.1831e-11     1.5484e-11
   59   12    4     1.5389e-12     2.4081e-12     3.9972e-12     5.5288e-12     6.8957e-12     9.0920e-12
   60   12    5     5.5759e-14     3.5397e-14     4.0342e-14     5.2066e-14     7.1420e-14     1.2881e-13
   61   12    6     3.1182e-12     4.6620e-12     7.7503e-12     1.0639e-11     1.3104e-11     1.6905e-11
   62   12    7     1.4664e-14     1.5398e-14     1.8820e-14     2.3870e-14     3.2200e-14     5.7890e-14
   63   12    8     3.5728e-14     3.2086e-14     6.7641e-14     1.2224e-13     1.8517e-13     3.1288e-13
   64   12    9     1.2671e-12     2.2777e-12     4.3640e-12     6.3919e-12     8.1929e-12     1.1120e-11
   65   12   10     3.3092e-13     5.2497e-13     1.0188e-12     1.5429e-12     2.0402e-12     2.9042e-12
   66   12   11     2.5876e-13     1.9077e-13     3.3380e-13     5.3214e-13     7.3447e-13     1.0919e-12
   67   13    1     2.3784e-12     3.8731e-12     6.2309e-12     8.1578e-12     9.6388e-12     1.1652e-11
   68   13    2     1.4699e-12     2.1368e-12     3.1198e-12     3.8504e-12     4.3681e-12     4.9971e-12
   69   13    3     2.2629e-12     3.5151e-12     5.7829e-12     7.9560e-12     9.8959e-12     1.3035e-11
   70   13    4     1.3134e-12     2.1743e-12     4.0478e-12     6.1877e-12     8.3698e-12     1.2457e-11
   71   13    5     2.0621e-12     3.1138e-12     5.1768e-12     7.1046e-12     8.7504e-12     1.1296e-11
   72   13    6     1.1013e-12     1.5933e-12     2.6283e-12     3.6043e-12     4.4474e-12     5.7782e-12
   73   13    7     2.5110e-14     5.6408e-15     4.3817e-15     6.4486e-15     9.8104e-15     1.8078e-14
   74   13    8     3.6139e-13     5.9786e-13     1.1549e-12     1.7293e-12     2.2631e-12     3.1721e-12
   75   13    9     5.5263e-13     9.0642e-13     1.7528e-12     2.6304e-12     3.4493e-12     4.8496e-12
   76   13   10     7.1972e-13     1.3306e-12     2.5428e-12     3.6975e-12     4.7059e-12     6.3150e-12
   77   13   11     2.9534e-12     1.6626e-12     1.6559e-12     2.1050e-12     2.6868e-12     3.8701e-12
   78   13   12     3.1941e-12     1.8336e-12     1.9395e-12     2.5503e-12     3.2988e-12     4.7783e-12
   79   14    1     1.1232e-13     2.0407e-13     4.1577e-13     6.6549e-13     9.2548e-13     1.4213e-12
   80   14    2     3.6276e-12     5.5012e-12     8.6836e-12     1.1617e-11     1.4182e-11     1.8333e-11
   81   14    3     2.1530e-13     3.2237e-13     5.3244e-13     7.4667e-13     9.5367e-13     1.3440e-12
   82   14    4     1.0956e-12     1.6885e-12     2.7455e-12     3.7627e-12     4.6852e-12     6.2363e-12
   83   14    5     1.4058e-12     1.8476e-12     2.5524e-12     3.1073e-12     3.5197e-12     4.0498e-12
   84   14    6     5.2305e-13     9.0397e-13     1.8072e-12     2.8920e-12     4.0074e-12     6.0418e-12
   85   14    7     1.2437e-12     1.6405e-12     2.2664e-12     2.7583e-12     3.1234e-12     3.5915e-12
   86   14    8     4.4340e-12     5.8390e-12     8.1034e-12     9.8904e-12     1.1210e-11     1.2870e-11
   87   14    9     7.2166e-13     1.0761e-12     1.8457e-12     2.6926e-12     3.5167e-12     4.9444e-12
   88   14   10     4.1707e-12     5.6165e-12     8.1468e-12     1.0382e-11     1.2231e-11     1.4944e-11
   89   14   11     2.1758e-12     1.2562e-12     1.1839e-12     1.3871e-12     1.6865e-12     2.3887e-12
   90   14   12     2.4792e-14     7.3152e-14     2.7048e-13     6.3142e-13     1.1316e-12     2.3740e-12
   91   14   13     2.8290e-13     2.8087e-13     5.0279e-13     8.1076e-13     1.1472e-12     1.7949e-12
   92   15    1     1.1232e-13     2.0407e-13     4.1577e-13     6.6549e-13     9.2548e-13     1.4213e-12
   93   15    2     6.4106e-14     9.2527e-14     1.4972e-13     2.0834e-13     2.6601e-13     3.8081e-13
   94   15    3     4.7683e-12     7.2450e-12     1.1482e-11     1.5413e-11     1.8870e-11     2.4504e-11
   95   15    4     1.0609e-13     1.7456e-13     3.2979e-13     5.0492e-13     6.8421e-13     1.0283e-12
   96   15    5     1.3187e-13     2.7671e-13     6.5632e-13     1.1391e-12     1.6499e-12     2.6019e-12
   97   15    6     2.9698e-12     3.9623e-12     5.6060e-12     6.9872e-12     8.0861e-12     9.6390e-12
   98   15    7     7.0899e-14     1.5298e-13     3.6364e-13     6.3131e-13     9.1449e-13     1.4422e-12
   99   15    8     2.5403e-14     8.3001e-14     2.5354e-13     4.8229e-13     7.2933e-13     1.1940e-12
  100   15    9     7.4002e-12     9.8275e-12     1.3872e-11     1.7222e-11     1.9826e-11     2.3360e-11
  101   15   10     1.9008e-12     2.6211e-12     3.9706e-12     5.2616e-12     6.4022e-12     8.2049e-12
  102   15   11     9.1169e-15     3.5061e-14     1.4153e-13     3.4100e-13     6.2099e-13     1.3236e-12
  103   15   12     2.4100e-12     1.4461e-12     1.4809e-12     1.8560e-12     2.3567e-12     3.4777e-12
  104   15   13     6.4337e-14     1.2907e-13     3.3477e-13     6.3220e-13     9.8756e-13     1.7562e-12
  105   15   14     5.4905e-14     5.6661e-14     1.4012e-13     2.8050e-13     4.5654e-13     8.4498e-13
  106   16    1     1.1232e-13     2.0407e-13     4.1577e-13     6.6549e-13     9.2548e-13     1.4213e-12
  107   16    2     6.3296e-14     1.1544e-13     2.4002e-13     3.8574e-13     5.3698e-13     8.2359e-13
  108   16    3     9.1851e-13     1.4112e-12     2.2984e-12     3.1579e-12     3.9433e-12     5.2836e-12
  109   16    4     3.9566e-12     5.9855e-12     9.4231e-12     1.2583e-11     1.5340e-11     1.9806e-11
  110   16    5     1.9180e-12     2.6168e-12     3.8386e-12     4.9486e-12     5.8965e-12     7.3532e-12
  111   16    6     1.2511e-12     1.7741e-12     2.7859e-12     3.8067e-12     4.7509e-12     6.3250e-12
  112   16    7     3.5125e-15     1.1039e-15     1.4733e-15     2.2568e-15     3.1552e-15     4.9610e-15
  113   16    8     2.1161e-12     2.8760e-12     4.2450e-12     5.4972e-12     6.5643e-12     8.1856e-12
  114   16    9     3.4509e-12     4.6958e-12     6.9443e-12     9.0087e-12     1.0774e-11     1.3466e-11
  115   16   10     3.7593e-12     4.9596e-12     6.9066e-12     8.4594e-12     9.6201e-12     1.1108e-11
  116   16   11     7.0498e-14     1.3027e-13     3.0416e-13     5.2526e-13     7.6165e-13     1.2083e-12
  117   16   12     2.2815e-13     2.4596e-13     4.9608e-13     8.7803e-13     1.3377e-12     2.3342e-12
  118   16   13     2.1848e-12     1.2340e-12     1.1570e-12     1.4260e-12     1.8660e-12     3.0151e-12
  119   16   14     1.5038e-12     1.0016e-12     1.4594e-12     2.2029e-12     2.9810e-12     4.3840e-12
  120   16   15     1.5435e-12     1.0394e-12     1.5469e-12     2.3741e-12     3.2562e-12     4.8870e-12
  121   17    1     4.7205e-16     1.0152e-15     1.7605e-15     2.7005e-15     3.7854e-15     6.1958e-15
  122   17    2     2.4477e-13     4.4640e-13     7.9028e-13     1.0955e-12     1.3469e-12     1.7193e-12
  123   17    3     9.4618e-14     1.9362e-13     4.0357e-13     6.3533e-13     8.5927e-13     1.2437e-12
  124   17    4     2.8457e-13     5.3908e-13     1.0149e-12     1.4822e-12     1.8996e-12     2.5685e-12
  125   17    5     2.2149e-13     4.3241e-13     9.2582e-13     1.5452e-12     2.2100e-12     3.4956e-12
  126   17    6     1.3344e-13     2.5905e-13     5.5505e-13     9.2699e-13     1.3264e-12     2.0987e-12
  127   17    7     1.5247e-15     2.8034e-15     3.8820e-15     4.5112e-15     4.9362e-15     5.4948e-15
  128   17    8     2.9022e-12     4.6441e-12     7.8027e-12     1.0755e-11     1.3301e-11     1.7280e-11
  129   17    9     1.1843e-13     1.9030e-13     3.3097e-13     5.0366e-13     7.1555e-13     1.2439e-12
  130   17   10     8.4915e-13     1.3326e-12     2.2310e-12     3.0755e-12     3.8084e-12     4.9652e-12
  131   17   11     4.5570e-13     8.3488e-13     1.7174e-12     2.7352e-12     3.7517e-12     5.5914e-12
  132   17   12     4.5110e-14     6.8529e-14     1.1977e-13     1.9003e-13     2.7562e-13     4.7665e-13
  133   17   13     2.6283e-13     4.2114e-13     8.0657e-13     1.2790e-12     1.7818e-12     2.7668e-12
  134   17   14     5.9646e-12     8.4320e-12     1.2583e-11     1.6385e-11     1.9757e-11     2.5425e-11
  135   17   15     2.3141e-13     3.6032e-13     6.4357e-13     9.7345e-13     1.3173e-12     1.9752e-12
  136   17   16     2.8174e-12     4.0224e-12     6.0625e-12     7.9129e-12     9.5115e-12     1.2035e-11
  137   18    1     4.7205e-16     1.0152e-15     1.7605e-15     2.7005e-15     3.7854e-15     6.1958e-15
  138   18    2     2.2949e-14     5.0236e-14     1.1283e-13     1.8627e-13     2.5980e-13     3.8961e-13
  139   18    3     4.4454e-13     8.2419e-13     1.4992e-12     2.1280e-12     2.6676e-12     3.5006e-12
  140   18    4     1.5645e-13     3.0472e-13     5.9684e-13     8.9877e-13     1.1784e-12     1.6413e-12
  141   18    5     1.4124e-13     2.7512e-13     5.9030e-13     9.8654e-13     1.4121e-12     2.2351e-12
  142   18    6     2.1482e-13     4.1891e-13     8.9420e-13     1.4897e-12     2.1287e-12     3.3638e-12
  143   18    7     3.1901e-16     1.8833e-16     2.2851e-16     4.1125e-16     6.6807e-16     1.1946e-15
  144   18    8     2.7520e-14     4.7011e-14     8.5285e-14     1.4082e-13     2.1916e-13     4.3733e-13
  145   18    9     3.7933e-12     6.0562e-12     1.0172e-11     1.4027e-11     1.7362e-11     2.2606e-11
  146   18   10     4.8912e-14     6.3806e-14     1.0704e-13     1.6589e-13     2.4331e-13     4.4576e-13
  147   18   11     1.7305e-14     2.5810e-14     4.3026e-14     6.8318e-14     1.0138e-13     1.8527e-13
  148   18   12     5.9392e-13     1.0615e-12     2.1566e-12     3.4322e-12     4.7206e-12     7.0881e-12
  149   18   13     1.5235e-13     2.3722e-13     4.4411e-13     7.0366e-13     9.8702e-13     1.5613e-12
  150   18   14     1.4728e-13     2.2930e-13     4.0953e-13     6.1945e-13     8.3826e-13     1.2569e-12
  151   18   15     6.9948e-12     9.9050e-12     1.4810e-11     1.9301e-11     2.3272e-11     2.9894e-11
  152   18   16     1.8713e-12     2.6805e-12     4.0696e-12     5.3510e-12     6.4754e-12     8.2843e-12
  153   18   17     3.0228e-14     3.4822e-14     7.4984e-14     1.2470e-13     1.7849e-13     2.9636e-13
  154   19    1     4.7205e-16     1.0152e-15     1.7605e-15     2.7005e-15     3.7854e-15     6.1958e-15
  155   19    2     1.5593e-13     2.9886e-13     5.7271e-13     8.4812e-13     1.0983e-12     1.5055e-12
  156   19    3     2.5663e-13     4.9287e-13     9.4616e-13     1.4032e-12     1.8193e-12     2.4983e-12
  157   19    4     2.1139e-13     3.8740e-13     6.8995e-13     9.6168e-13     1.1880e-12     1.5277e-12
  158   19    5     1.1542e-14     2.1761e-14     4.3339e-14     6.9256e-14     9.6691e-14     1.4937e-13
  159   19    6     2.2770e-13     4.4367e-13     9.5021e-13     1.5863e-12     2.2692e-12     3.5896e-12
  160   19    7     1.1722e-13     2.2891e-13     4.9136e-13     8.2130e-13     1.1756e-12     1.8610e-12
  161   19    8     3.0960e-14     3.0649e-14     4.5792e-14     6.3404e-14     8.1958e-14     1.1886e-13
  162   19    9     6.8931e-13     1.0838e-12     1.8203e-12     2.5314e-12     3.1776e-12     4.2879e-12
  163   19   10     3.1495e-12     5.0525e-12     8.4986e-12     1.1739e-11     1.4565e-11     1.9083e-11
  164   19   11     1.6986e-13     2.6520e-13     5.0004e-13     7.9217e-13     1.1075e-12     1.7352e-12
  165   19   12     2.2080e-13     3.5227e-13     6.7010e-13     1.0627e-12     1.4848e-12     2.3250e-12
  166   19   13     3.7292e-13     7.0703e-13     1.4736e-12     2.3494e-12     3.2168e-12     4.7745e-12
  167   19   14     2.1913e-12     3.1286e-12     4.7153e-12     6.1545e-12     7.3979e-12     9.3607e-12
  168   19   15     2.2872e-12     3.2761e-12     4.9739e-12     6.5401e-12     7.9144e-12     1.0125e-11
  169   19   16     4.5350e-12     6.4100e-12     9.5998e-12     1.2577e-11     1.5273e-11     1.9949e-11
  170   19   17     6.3360e-13     5.1725e-13     1.0549e-12     1.6909e-12     2.2931e-12     3.3221e-12
  171   19   18     6.5435e-13     5.3993e-13     1.1034e-12     1.7711e-12     2.4072e-12     3.5087e-12
  172   20    1     9.7313e-14     2.0201e-13     4.1948e-13     6.5970e-13     8.9471e-13     1.3092e-12
  173   20    2     2.4923e-14     4.7645e-14     1.0954e-13     1.8979e-13     2.7679e-13     4.4727e-13
  174   20    3     1.3896e-13     2.6262e-13     5.1918e-13     8.0999e-13     1.1051e-12     1.6537e-12
  175   20    4     1.2030e-13     2.1693e-13     4.1227e-13     6.2781e-13     8.4299e-13     1.2367e-12
  176   20    5     4.8602e-13     8.7234e-13     1.5801e-12     2.3569e-12     3.1557e-12     4.7295e-12
  177   20    6     2.3905e-13     4.0692e-13     7.1034e-13     1.0321e-12     1.3557e-12     1.9808e-12
  178   20    7     3.4010e-15     2.9253e-15     5.4397e-15     8.5355e-15     1.1736e-14     1.7973e-14
  179   20    8     8.9449e-13     1.5105e-12     2.4532e-12     3.2417e-12     3.8723e-12     4.7960e-12
  180   20    9     1.3510e-12     2.2553e-12     3.6473e-12     4.8022e-12     5.7165e-12     7.0351e-12
  181   20   10     8.7197e-14     1.3756e-13     3.2803e-13     5.8954e-13     8.8805e-13     1.5276e-12
  182   20   11     2.2145e-12     3.4072e-12     5.1567e-12     6.5281e-12     7.5591e-12     8.9182e-12
  183   20   12     2.3288e-12     3.5600e-12     5.3987e-12     6.8553e-12     7.9625e-12     9.4476e-12
  184   20   13     7.6845e-13     1.0747e-12     1.6316e-12     2.1102e-12     2.5021e-12     3.0911e-12
  185   20   14     2.6350e-13     4.3266e-13     7.6524e-13     1.1175e-12     1.4618e-12     2.0890e-12
  186   20   15     3.1875e-13     5.3419e-13     9.6661e-13     1.4318e-12     1.8896e-12     2.7253e-12
  187   20   16     1.3593e-13     2.2680e-13     4.1193e-13     6.1126e-13     8.0639e-13     1.1590e-12
  188   20   17     2.3966e-12     3.2048e-12     4.7835e-12     6.3065e-12     7.6742e-12     9.8994e-12
  189   20   18     1.7758e-12     2.4081e-12     3.8197e-12     5.3437e-12     6.8262e-12     9.4271e-12
  190   20   19     2.7242e-12     3.5643e-12     4.9995e-12     6.1609e-12     7.0460e-12     8.2238e-12
  191   21    1     9.7313e-14     2.0201e-13     4.1948e-13     6.5970e-13     8.9471e-13     1.3092e-12
  192   21    2     8.7251e-14     1.6448e-13     3.1287e-13     4.7299e-13     6.3107e-13     9.1790e-13
  193   21    3     9.7701e-14     1.7513e-13     3.5727e-13     5.7602e-13     8.0443e-13     1.2385e-12
  194   21    4     9.9263e-14     1.8759e-13     3.7084e-13     5.7854e-13     7.8935e-13     1.1812e-12
  195   21    5     6.4560e-14     9.8258e-14     1.5502e-13     2.0760e-13     2.5535e-13     3.3884e-13
  196   21    6     6.3333e-13     1.1363e-12     2.0661e-12     3.0904e-12     4.1460e-12     6.2291e-12
  197   21    7     3.0570e-14     4.7639e-14     7.4773e-14     9.9514e-14     1.2179e-13     1.6044e-13
  198   21    8     3.2661e-13     5.3145e-13     8.5109e-13     1.1111e-12     1.3120e-12     1.5903e-12
  199   21    9     1.0410e-12     1.7610e-12     2.9723e-12     4.0922e-12     5.0815e-12     6.7433e-12
  200   21   10     9.6501e-13     1.6110e-12     2.6052e-12     3.4301e-12     4.0832e-12     5.0251e-12
  201   21   11     4.5449e-13     6.6726e-13     1.0201e-12     1.3151e-12     1.5513e-12     1.8936e-12
  202   21   12     2.9890e-12     4.5226e-12     6.8430e-12     8.6882e-12     1.0095e-11     1.1995e-11
  203   21   13     1.8683e-12     2.8521e-12     4.3238e-12     5.4903e-12     6.3773e-12     7.5682e-12
  204   21   14     1.3436e-13     2.3208e-13     4.3406e-13     6.5576e-13     8.7548e-13     1.2772e-12
  205   21   15     3.2250e-13     5.2567e-13     9.2459e-13     1.3451e-12     1.7546e-12     2.4974e-12
  206   21   16     2.6130e-13     4.3589e-13     7.8513e-13     1.1597e-12     1.5276e-12     2.1987e-12
  207   21   17     3.4686e-13     4.8409e-13     8.9450e-13     1.4154e-12     1.9708e-12     3.0196e-12
  208   21   18     4.6982e-12     6.2051e-12     8.8914e-12     1.1222e-11     1.3131e-11     1.5931e-11
  209   21   19     1.8515e-12     2.4880e-12     3.8168e-12     5.1737e-12     6.4448e-12     8.6000e-12
  210   21   20     3.6499e-12     2.0134e-12     2.4327e-12     3.4516e-12     4.5397e-12     6.4627e-12
  211   22    1     9.7313e-14     2.0201e-13     4.1948e-13     6.5970e-13     8.9471e-13     1.3092e-12
  212   22    2     3.9040e-14     6.3983e-14     1.2835e-13     2.0756e-13     2.9101e-13     4.5042e-13
  213   22    3     2.0359e-13     3.8380e-13     7.3006e-13     1.1037e-12     1.4725e-12     2.1417e-12
  214   22    4     4.1540e-14     7.9388e-14     1.8255e-13     3.1633e-13     4.6133e-13     7.4551e-13
  215   22    5     2.5344e-13     4.5382e-13     8.3124e-13     1.2500e-12     1.6832e-12     2.5407e-12
  216   22    6     1.4740e-13     2.3220e-13     3.7279e-13     5.0647e-13     6.3082e-13     8.5398e-13
  217   22    7     3.2764e-13     5.9618e-13     1.0919e-12     1.6410e-12     2.2090e-12     3.3336e-12
  218   22    8     7.9779e-14     1.4584e-13     3.5399e-13     6.3786e-13     9.6152e-13     1.6547e-12
  219   22    9     7.6209e-13     1.2401e-12     1.9859e-12     2.5927e-12     3.0615e-12     3.7107e-12
  220   22   10     1.4908e-12     2.5174e-12     4.0887e-12     5.4029e-12     6.4538e-12     7.9932e-12
  221   22   11     1.5722e-12     2.3382e-12     3.5335e-12     4.4960e-12     5.2385e-12     6.2617e-12
  222   22   12     5.2680e-13     7.4666e-13     1.1501e-12     1.5027e-12     1.7963e-12     2.2448e-12
  223   22   13     3.2127e-12     4.9571e-12     7.5035e-12     9.4951e-12     1.0989e-11     1.2950e-11
  224   22   14     1.7825e-13     2.8476e-13     4.9084e-13     7.0451e-13     9.1063e-13     1.2815e-12
  225   22   15     1.7916e-13     3.1456e-13     5.9849e-13     9.1312e-13     1.2260e-12     1.7983e-12
  226   22   16     3.6073e-13     5.9430e-13     1.0544e-12     1.5429e-12     2.0212e-12     2.8935e-12
  227   22   17     4.1364e-12     5.4255e-12     7.5735e-12     9.2750e-12     1.0542e-11     1.2169e-11
  228   22   18     1.2625e-13     2.0226e-13     5.9643e-13     1.1911e-12     1.8753e-12     3.2374e-12
  229   22   19     2.6339e-12     3.5494e-12     5.4328e-12     7.3450e-12     9.1295e-12     1.2144e-11
  230   22   20     7.2602e-12     4.0684e-12     4.9423e-12     7.0153e-12     9.2193e-12     1.3096e-11
  231   22   21     1.0664e-12     5.1711e-13     5.9505e-13     8.4077e-13     1.1144e-12     1.6188e-12
