!MOLECULE
HCl
!MOLECULAR WEIGHT
36.5
!NUMBER OF ENERGY LEVELS
28
!LEVEL + ENERGIES(cm^-1) + WEIGHT + J,F
 1          0.0000          4.0      0  3/2 
 2         20.8778          4.0      1  3/2 
 3         20.8784          6.0      1  5/2 
 4         20.8788          2.0      1  1/2 
 5         62.6218          6.0      2  5/2 
 6         62.6222          4.0      2  3/2 
 7         62.6223          8.0      2  7/2 
 8         62.6227          2.0      2  1/2 
 9        125.2060          8.0      3  7/2 
10        125.2062          6.0      3  5/2 
11        125.2066         10.0      3  9/2 
12        125.2068          4.0      3  3/2 
13        208.5925         10.0      4  9/2 
14        208.5927          8.0      4  7/2 
15        208.5931         12.0      4 11/2 
16        208.5933          6.0      4  5/2 
17        312.7308         12.0      5 11/2 
18        312.7309         10.0      5  9/2 
19        312.7314         14.0      5 13/2 
20        312.7315          8.0      5  7/2 
21        437.5577         14.0      6 13/2 
22        437.5578         12.0      6 11/2 
23        437.5583         16.0      6 15/2 
24        437.5584         10.0      6  9/2 
25        582.9977         16.0      7 15/2 
26        582.9978         14.0      7 13/2 
27        582.9983         12.0      7 11/2 
28        582.9983         18.0      7 17/2 
 !NUMBER OF RADIATIVE TRANSITIONS
56
!TRANS + UP + LOW + EINSTEINA(s^-1) + FREQ(GHz) + E_u(K)
  1    2    1      1.169e-03         625.901603     30.0
  2    3    1      1.169e-03         625.918756     30.0
  3    4    1      1.169e-03         625.932007     30.0
  4    5    3      3.364e-03        1251.434340     90.1
  5    5    2      7.850e-03        1251.451930     90.1
  6    6    4      4.672e-03        1251.434340     90.1
  7    6    3      5.607e-04        1251.446936     90.1
  8    6    2      5.981e-03        1251.463910     90.1
  9    7    3      1.121e-02        1251.451930     90.1
 10    8    4      9.345e-03        1251.450466     90.1
 11    8    2      1.869e-03        1251.480910     90.1
 12    9    7      5.784e-03        1876.210530    180.1
 13    9    5      3.470e-02        1876.227500    180.1
 14   10    7      3.856e-04        1876.218017    180.1
 15   10    6      3.023e-02        1876.223191    180.1
 16   10    5      9.871e-03        1876.235410    180.1
 17   11    7      4.049e-02        1876.227500    180.1
 18   12    8      2.834e-02        1876.223137    180.1
 19   12    6      1.134e-02        1876.240100    180.1
 20   12    5      8.098e-04        1876.252031    180.1
 21   13   11      8.276e-03        2499.847990    300.1
 22   13    9      9.103e-02        2499.864520    300.1
 23   14   11      2.956e-04        2499.853585    300.1
 24   14   10      8.551e-02        2499.864520    300.1
 25   14    9      1.351e-02        2499.870807    300.1
 26   15   11      9.932e-02        2499.864520    300.1
 27   16   12      8.512e-02        2499.864520    300.1
 28   16   10      1.368e-02        2499.879860    300.1
 29   16    9      5.067e-04        2499.887599    300.1
 30   17   15      1.079e-02        3121.969789    449.9
 31   17   13      1.870e-01        3121.986490    449.9
 32   18   15      2.398e-04        3121.974284    449.9
 33   18   14      1.805e-01        3121.986490    449.9
 34   18   13      1.705e-02        3121.991559    449.9
 35   19   15      1.978e-01        3121.986490    449.9
 36   20   16      1.813e-01        3121.986490    449.9
 37   20   14      1.612e-02        3122.002585    449.9
 38   20   13      3.664e-04        3122.008298    449.9
 39   21   19      1.331e-02        3742.199672    629.5
 40   21   17      3.326e-01        3742.216580    629.5
 41   22   19      2.016e-04        3742.203336    629.5
 42   22   18      3.252e-01        3742.216580    629.5
 43   22   17      2.053e-02        3742.220665    629.5
 44   23   19      3.460e-01        3742.216580    629.5
 45   24   20      3.271e-01        3742.216580    629.5
 46   24   18      1.859e-02        3742.232856    629.5
 47   24   17      2.859e-04        3742.237350    629.5
 48   25   23      1.581e-02        4360.162977    838.8
 49   25   21      5.375e-01        4360.179990    838.8
 50   26   23      1.737e-04        4360.166032    838.8
 51   26   22      5.291e-01        4360.179990    838.8
 52   26   21      2.395e-02        4360.183415    838.8
 53   27   24      5.320e-01        4360.179990    838.8
 54   27   22      2.105e-02        4360.196381    838.8
 55   27   21      2.338e-04        4360.200046    838.8
 56   28   23      5.533e-01        4360.179990    838.8
!NUMBER OF COLL PARTNERS
1
!COLLISIONS BETWEEN
1 HCl-H2 scaled (*1.38) Hcl-He from Neufeld & Green (1994), including hyperfine structure
!NUMBER OF COLL TRANS
378
!NUMBER OF COLL TEMPS
8
!COLL TEMPS
  10.0   20.0   30.0   50.0   80.0  100.0  200.0  300.0
!TRANS + UP + LOW + COLLRATES(cm^3 s^-1)
  1	 2     1    4.6e-12  5.8e-12  7.0e-12  9.5e-12  1.3e-11  1.5e-11  2.1e-11  2.5e-11
  2	 3     1    4.6e-12  5.8e-12  7.0e-12  9.5e-12  1.3e-11  1.5e-11  2.1e-11  2.5e-11
  3	 3     2    1.3e-16  1.3e-14  6.9e-14  3.3e-13  1.1e-12  1.7e-12  6.0e-12  1.0e-11
  4	 4     1    4.6e-12  5.8e-12  7.0e-12  9.5e-12  1.3e-11  1.5e-11  2.1e-11  2.5e-11
  5	 4     2    3.0e-17  3.1e-15  1.6e-14  7.9e-14  2.5e-13  4.1e-13  1.4e-12  2.5e-12
  6	 4     3    2.7e-16  2.8e-14  1.5e-13  7.1e-13  2.3e-12  3.7e-12  1.3e-11  2.2e-11
  7	 5     1    1.3e-12  1.4e-12  1.7e-12  2.4e-12  3.9e-12  5.1e-12  1.1e-11  1.7e-11
  8	 5     2    1.7e-11  1.8e-11  1.9e-11  2.0e-11  2.2e-11  2.3e-11  2.8e-11  3.1e-11
  9	 5     3    7.3e-12  7.7e-12  8.0e-12  8.9e-12  1.0e-11  1.1e-11  1.4e-11  1.6e-11
 10	 5     4    5.0e-19  8.3e-16  9.3e-15  6.1e-14  1.7e-13  2.4e-13  4.9e-13  6.3e-13
 11	 6     1    1.3e-12  1.4e-12  1.7e-12  2.4e-12  3.9e-12  5.1e-12  1.1e-11  1.7e-11
 12	 6     2    1.3e-11  1.4e-11  1.4e-11  1.5e-11  1.7e-11  1.8e-11  2.1e-11  2.3e-11
 13	 6     3    1.2e-12  1.3e-12  1.4e-12  2.0e-12  3.3e-12  4.0e-12  6.8e-12  8.3e-12
 14	 6     4    1.0e-11  1.1e-11  1.1e-11  1.2e-11  1.3e-11  1.3e-11  1.5e-11  1.6e-11
 15	 6     5    1.2e-16  1.2e-14  6.3e-14  3.0e-13  1.0e-12  1.6e-12  6.0e-12  1.1e-11
 16	 7     1    1.3e-12  1.4e-12  1.7e-12  2.4e-12  3.9e-12  5.1e-12  1.1e-11  1.7e-11
 17	 7     2    2.7e-18  4.5e-15  5.0e-14  3.3e-13  9.3e-13  1.3e-12  2.6e-12  3.4e-12
 18	 7     3    2.4e-11  2.6e-11  2.6e-11  2.8e-11  3.1e-11  3.2e-11  3.8e-11  4.1e-11
 19	 7     4    2.2e-18  3.7e-15  4.2e-14  2.8e-13  7.8e-13  1.1e-12  2.2e-12  2.8e-12
 20	 7     5    7.2e-17  7.3e-15  3.9e-14  1.9e-13  6.3e-13  1.0e-12  3.9e-12  7.1e-12
 21	 7     6    1.2e-17  1.3e-15  6.7e-15  3.5e-14  1.4e-13  2.6e-13  1.3e-12  2.5e-12
 22	 8     1    1.3e-12  1.4e-12  1.7e-12  2.4e-12  3.9e-12  5.1e-12  1.1e-11  1.7e-11
 23	 8     2    4.1e-12  4.3e-12  4.4e-12  4.7e-12  5.1e-12  5.3e-12  6.1e-12  6.6e-12
 24	 8     3    6.2e-18  1.0e-14  1.2e-13  7.7e-13  2.2e-12  3.1e-12  6.2e-12  7.9e-12
 25	 8     4    2.0e-11  2.1e-11  2.2e-11  2.3e-11  2.5e-11  2.6e-11  3.1e-11  3.3e-11
 26	 8     5    6.5e-17  6.7e-15  3.5e-14  1.7e-13  5.4e-13  8.8e-13  3.1e-12  5.3e-12
 27	 8     6    1.5e-16  1.6e-14  8.2e-14  3.9e-13  1.3e-12  2.1e-12  7.1e-12  1.2e-11
 28	 8     7    2.8e-25  8.5e-19  1.3e-16  8.8e-15  1.1e-13  2.7e-13  2.0e-12  4.3e-12
 29	 9     1    2.6e-12  2.9e-12  3.1e-12  3.5e-12  4.0e-12  4.3e-12  5.1e-12  5.5e-12
 30	 9     2    2.9e-12  3.2e-12  3.5e-12  4.2e-12  5.6e-12  6.6e-12  1.2e-11  1.7e-11
 31	 9     3    1.9e-12  2.1e-12  2.3e-12  2.8e-12  3.8e-12  4.5e-12  8.4e-12  1.2e-11
 32	 9     4    4.5e-22  1.4e-17  4.7e-16  7.8e-15  3.9e-14  7.0e-14  2.5e-13  4.2e-13
 33	 9     5    2.3e-11  2.5e-11  2.6e-11  2.7e-11  3.0e-11  3.2e-11  3.9e-11  4.4e-11
 34	 9     6    1.6e-18  2.7e-15  3.0e-14  2.0e-13  5.8e-13  8.4e-13  1.9e-12  2.9e-12
 35	 9     7    3.9e-12  4.1e-12  4.3e-12  4.9e-12  5.9e-12  6.6e-12  9.4e-12  1.1e-11
 36	 9     8    6.0e-19  1.0e-15  1.1e-14  7.6e-14  2.2e-13  3.1e-13  6.5e-13  8.6e-13
 37	10     1    2.6e-12  2.9e-12  3.1e-12  3.5e-12  4.0e-12  4.3e-12  5.1e-12  5.5e-12
 38	10     2    2.8e-12  3.0e-12  3.3e-12  4.0e-12  5.2e-12  6.1e-12  1.1e-11  1.5e-11
 39	10     3    5.8e-13  6.3e-13  7.0e-13  8.9e-13  1.4e-12  1.8e-12  4.1e-12  6.2e-12
 40	10     4    1.5e-12  1.6e-12  1.8e-12  2.2e-12  2.8e-12  3.3e-12  5.6e-12  7.6e-12
 41	10     5    6.6e-12  7.0e-12  7.3e-12  8.0e-12  9.3e-12  1.0e-11  1.3e-11  1.6e-11
 42	10     6    2.0e-11  2.1e-11  2.2e-11  2.4e-11  2.6e-11  2.8e-11  3.4e-11  3.7e-11
 43	10     7    2.6e-13  2.8e-13  3.1e-13  4.6e-13  7.9e-13  1.0e-12  2.3e-12  3.8e-12
 44	10     8    1.4e-18  2.4e-15  2.7e-14  1.8e-13  5.2e-13  7.5e-13  1.6e-12  2.1e-12
 45	10     9    8.2e-17  8.3e-15  4.4e-14  2.1e-13  7.0e-13  1.2e-12  4.2e-12  7.5e-12
 46	11     1    2.6e-12  2.9e-12  3.1e-12  3.5e-12  4.0e-12  4.3e-12  5.1e-12  5.5e-12
 47	11     2    2.0e-21  6.4e-17  2.1e-15  3.4e-14  1.7e-13  3.1e-13  1.1e-12  1.8e-12
 48	11     3    4.9e-12  5.3e-12  5.8e-12  6.9e-12  9.1e-12  1.1e-11  1.8e-11  2.5e-11
 49	11     4    1.8e-21  5.8e-17  1.9e-15  3.1e-14  1.6e-13  2.8e-13  1.0e-12  1.7e-12
 50	11     5    1.9e-18  3.2e-15  3.6e-14  2.4e-13  6.9e-13  9.9e-13  2.2e-12  3.3e-12
 51	11     6    4.0e-19  6.8e-16  7.5e-15  5.1e-14  1.5e-13  2.2e-13  7.3e-13  1.5e-12
 52	11     7    2.7e-11  2.9e-11  3.0e-11  3.2e-11  3.6e-11  3.8e-11  4.8e-11  5.3e-11
 53	11     8    3.7e-31  4.2e-22  4.4e-19  1.3e-16  4.1e-15  1.4e-14  2.2e-13  6.7e-13
 54	11     9    4.4e-17  4.5e-15  2.4e-14  1.2e-13  4.0e-13  6.7e-13  2.6e-12  4.8e-12
 55	11    10    3.6e-18  3.7e-16  2.0e-15  1.0e-14  4.4e-14  8.2e-14  4.3e-13  9.0e-13
 56	12     1    2.6e-12  2.9e-12  3.1e-12  3.5e-12  4.0e-12  4.3e-12  5.1e-12  5.5e-12
 57	12     2    1.4e-12  1.5e-12  1.6e-12  1.9e-12  2.5e-12  2.9e-12  5.0e-12  6.8e-12
 58	12     3    9.7e-14  1.1e-13  1.2e-13  2.2e-13  5.9e-13  9.3e-13  3.0e-12  4.8e-12
 59	12     4    3.4e-12  3.7e-12  4.0e-12  4.9e-12  6.3e-12  7.3e-12  1.3e-11  1.7e-11
 60	12     5    5.4e-13  5.8e-13  6.4e-13  9.2e-13  1.5e-12  1.9e-12  3.3e-12  4.2e-12
 61	12     6    7.6e-12  8.0e-12  8.4e-12  9.2e-12  1.1e-11  1.2e-11  1.5e-11  1.7e-11
 62	12     7    2.7e-19  4.6e-16  5.2e-15  3.5e-14  1.1e-13  1.9e-13  1.1e-12  2.8e-12
 63	12     8    1.9e-11  2.0e-11  2.1e-11  2.2e-11  2.5e-11  2.6e-11  3.1e-11  3.5e-11
 64	12     9    1.2e-17  1.2e-15  6.3e-15  3.3e-14  1.3e-13  2.5e-13  1.2e-12  2.4e-12
 65	12    10    9.4e-17  9.6e-15  5.1e-14  2.5e-13  8.1e-13  1.3e-12  4.9e-12  8.7e-12
 66	12    11    1.5e-26  4.5e-20  7.0e-18  4.7e-16  5.9e-15  1.5e-14  1.5e-13  4.5e-13
 67	13     1    1.2e-12  1.1e-12  1.2e-12  1.4e-12  1.8e-12  2.1e-12  3.5e-12  4.5e-12
 68	13     2    1.2e-12  1.1e-12  1.1e-12  1.4e-12  1.8e-12  2.1e-12  3.6e-12  4.9e-12
 69	13     3    9.8e-13  8.9e-13  9.2e-13  1.1e-12  1.5e-12  1.7e-12  3.0e-12  4.1e-12
 70	13     4    4.5e-26  2.8e-20  2.7e-18  1.5e-16  2.1e-15  5.7e-15  6.9e-14  2.0e-13
 71	13     5    5.4e-12  4.8e-12  4.9e-12  5.7e-12  7.3e-12  8.5e-12  1.4e-11  2.0e-11
 72	13     6    1.4e-21  3.7e-17  1.1e-15  1.8e-14  8.9e-14  1.6e-13  5.8e-13  1.0e-12
 73	13     7    1.5e-12  1.3e-12  1.3e-12  1.6e-12  2.2e-12  2.6e-12  5.0e-12  7.2e-12
 74	13     8    6.2e-22  1.7e-17  5.0e-16  8.0e-15  4.0e-14  7.0e-14  2.5e-13  4.3e-13
 75	13     9    3.8e-11  3.2e-11  3.1e-11  3.3e-11  3.6e-11  3.9e-11  4.7e-11  5.2e-11
 76	13    10    2.3e-18  3.1e-15  3.3e-14  2.1e-13  6.1e-13  8.8e-13  1.9e-12  2.7e-12
 77	13    11    3.4e-12  2.9e-12  2.8e-12  3.2e-12  3.9e-12  4.4e-12  6.5e-12  8.2e-12
 78	13    12    2.9e-19  3.9e-16  4.1e-15  2.7e-14  7.9e-14  1.2e-13  3.8e-13  7.7e-13
 79	14     1    1.2e-12  1.1e-12  1.2e-12  1.4e-12  1.8e-12  2.1e-12  3.5e-12  4.5e-12
 80	14     2    1.2e-12  1.1e-12  1.2e-12  1.4e-12  1.9e-12  2.2e-12  3.6e-12  4.7e-12
 81	14     3    3.5e-13  3.2e-13  3.3e-13  4.0e-13  5.4e-13  6.5e-13  1.4e-12  2.5e-12
 82	14     4    5.8e-13  5.3e-13  5.5e-13  6.7e-13  8.8e-13  1.0e-12  1.6e-12  2.0e-12
 83	14     5    2.2e-12  2.0e-12  2.0e-12  2.4e-12  3.1e-12  3.7e-12  6.6e-12  9.4e-12
 84	14     6    4.4e-12  3.9e-12  4.0e-12  4.7e-12  6.0e-12  7.0e-12  1.2e-11  1.7e-11
 85	14     7    2.1e-13  1.9e-13  1.9e-13  2.4e-13  3.8e-13  5.0e-13  1.2e-12  1.9e-12
 86	14     8    1.2e-21  3.2e-17  9.8e-16  1.6e-14  7.8e-14  1.4e-13  5.0e-13  8.5e-13
 87	14     9    5.6e-12  4.7e-12  4.6e-12  5.1e-12  6.1e-12  6.8e-12  9.4e-12  1.1e-11
 88	14    10    3.5e-11  3.0e-11  2.9e-11  3.0e-11  3.4e-11  3.6e-11  4.4e-11  4.9e-11
 89	14    11    1.2e-13  1.0e-13  1.1e-13  1.6e-13  2.8e-13  3.7e-13  8.7e-13  1.5e-12
 90	14    12    2.2e-18  3.1e-15  3.2e-14  2.1e-13  6.0e-13  8.7e-13  1.9e-12  2.8e-12
 91	14    13    5.4e-17  5.5e-15  2.9e-14  1.4e-13  4.8e-13  8.0e-13  3.0e-12  5.5e-12
 92	15     1    1.2e-12  1.1e-12  1.2e-12  1.4e-12  1.8e-12  2.1e-12  3.5e-12  4.5e-12
 93	15     2    1.8e-25  1.1e-19  1.1e-17  5.8e-16  8.1e-15  2.2e-14  2.7e-13  7.7e-13
 94	15     3    2.2e-12  2.0e-12  2.1e-12  2.5e-12  3.3e-12  3.8e-12  6.1e-12  7.7e-12
 95	15     4    1.7e-25  1.0e-19  1.0e-17  5.6e-16  7.8e-15  2.2e-14  2.6e-13  7.4e-13
 96	15     5    1.9e-21  5.0e-17  1.5e-15  2.4e-14  1.2e-13  2.1e-13  7.8e-13  1.4e-12
 97	15     6    4.5e-22  1.2e-17  3.6e-16  5.8e-15  2.9e-14  5.2e-14  2.1e-13  4.1e-13
 98	15     7    6.9e-12  6.1e-12  6.2e-12  7.3e-12  9.4e-12  1.1e-11  1.9e-11  2.7e-11
 99	15     8    5.4e-38  6.0e-26  6.2e-22  1.1e-18  9.4e-17  4.6e-16  1.7e-14  7.2e-14
100	15     9    1.9e-18  2.6e-15  2.7e-14  1.7e-13  5.0e-13  7.3e-13  1.7e-12  2.7e-12
101	15    10    2.0e-19  2.6e-16  2.8e-15  1.8e-14  5.4e-14  8.2e-14  2.8e-13  6.1e-13
102	15    11    4.1e-11  3.5e-11  3.4e-11  3.6e-11  4.0e-11  4.3e-11  5.4e-11  6.1e-11
103	15    12    5.4e-32  4.9e-23  4.8e-20  1.4e-17  4.4e-16  1.5e-15  2.8e-14  9.9e-14
104	15    13    3.0e-17  3.0e-15  1.6e-14  7.9e-14  2.7e-13  4.6e-13  1.8e-12  3.4e-12
105	15    14    1.4e-18  1.5e-16  7.8e-16  4.2e-15  1.8e-14  3.3e-14  1.8e-13  3.8e-13
106	16     1    1.2e-12  1.1e-12  1.2e-12  1.4e-12  1.8e-12  2.1e-12  3.5e-12  4.5e-12
107	16     2    7.0e-13  6.3e-13  6.6e-13  8.0e-13  1.1e-12  1.2e-12  1.9e-12  2.4e-12
108	16     3    7.8e-14  7.1e-14  7.3e-14  9.1e-14  1.4e-13  1.9e-13  8.5e-13  2.1e-12
109	16     4    1.4e-12  1.3e-12  1.3e-12  1.6e-12  2.1e-12  2.4e-12  3.9e-12  4.8e-12
110	16     5    3.8e-13  3.4e-13  3.4e-13  4.3e-13  6.6e-13  8.5e-13  1.9e-12  3.0e-12
111	16     6    2.4e-12  2.1e-12  2.1e-12  2.5e-12  3.3e-12  3.9e-12  7.0e-12  9.9e-12
112	16     7    1.4e-14  1.2e-14  1.3e-14  2.1e-14  4.8e-14  7.5e-14  2.8e-13  6.1e-13
113	16     8    4.1e-12  3.7e-12  3.7e-12  4.4e-12  5.6e-12  6.5e-12  1.1e-11  1.5e-11
114	16     9    2.1e-13  1.8e-13  1.9e-13  2.7e-13  4.7e-13  6.1e-13  1.4e-12  2.3e-12
115	16    10    5.7e-12  4.8e-12  4.7e-12  5.2e-12  6.3e-12  7.0e-12  9.8e-12  1.2e-11
116	16    11    5.7e-20  7.7e-17  8.0e-16  5.3e-15  1.7e-14  2.7e-14  1.4e-13  3.7e-13
117	16    12    3.5e-11  3.0e-11  2.9e-11  3.0e-11  3.4e-11  3.6e-11  4.5e-11  5.0e-11
118	16    13    3.5e-18  3.6e-16  1.9e-15  1.0e-14  4.3e-14  8.0e-14  4.2e-13  8.7e-13
119	16    14    5.6e-17  5.7e-15  3.0e-14  1.5e-13  4.9e-13  8.3e-13  3.2e-12  5.8e-12
120	16    15    2.4e-27  7.3e-21  1.1e-18  7.5e-17  9.5e-16  2.4e-15  2.2e-14  6.1e-14
121	17     1    2.2e-13  2.2e-13  2.5e-13  3.4e-13  5.5e-13  7.1e-13  1.7e-12  2.6e-12
122	17     2    4.8e-13  4.6e-13  5.0e-13  6.6e-13  9.5e-13  1.1e-12  2.2e-12  3.1e-12
123	17     3    4.4e-13  4.3e-13  4.6e-13  6.1e-13  8.7e-13  1.1e-12  2.0e-12  2.8e-12
124	17     4    3.0e-30  1.2e-22  4.5e-20  6.8e-18  1.6e-16  5.4e-16  1.0e-14  3.5e-14
125	17     5    7.5e-13  7.3e-13  7.9e-13  1.0e-12  1.4e-12  1.8e-12  3.1e-12  4.2e-12
126	17     6    3.9e-26  2.5e-20  2.5e-18  1.5e-16  2.3e-15  6.5e-15  9.0e-14  2.8e-13
127	17     7    2.6e-13  2.5e-13  2.7e-13  3.5e-13  5.1e-13  6.2e-13  1.2e-12  2.0e-12
128	17     8    2.0e-26  1.3e-20  1.3e-18  7.7e-17  1.2e-15  3.3e-15  4.5e-14  1.4e-13
129	17     9    4.8e-12  4.5e-12  4.7e-12  5.9e-12  7.9e-12  9.3e-12  1.6e-11  2.2e-11
130	17    10    1.2e-21  3.3e-17  1.0e-15  1.8e-14  9.2e-14  1.6e-13  6.0e-13  1.0e-12
131	17    11    7.3e-13  7.0e-13  7.3e-13  9.2e-13  1.3e-12  1.6e-12  3.2e-12  4.7e-12
132	17    12    1.7e-22  4.9e-18  1.5e-16  2.6e-15  1.4e-14  2.4e-14  9.9e-14  1.9e-13
133	17    13    3.0e-11  2.8e-11  2.8e-11  3.1e-11  3.7e-11  4.1e-11  5.3e-11  6.0e-11
134	17    14    1.4e-18  2.0e-15  2.2e-14  1.5e-13  4.7e-13  6.9e-13  1.7e-12  2.6e-12
135	17    15    1.8e-12  1.6e-12  1.6e-12  1.9e-12  2.6e-12  3.0e-12  4.7e-12  6.1e-12
136	17    16    9.0e-20  1.3e-16  1.4e-15  1.0e-14  3.2e-14  4.9e-14  1.8e-13  3.9e-13
137	18     1    2.2e-13  2.2e-13  2.5e-13  3.4e-13  5.5e-13  7.1e-13  1.7e-12  2.6e-12
138	18     2    5.2e-13  5.1e-13  5.5e-13  7.2e-13  1.0e-12  1.3e-12  2.3e-12  3.3e-12
139	18     3    1.7e-13  1.7e-13  1.8e-13  2.4e-13  3.4e-13  4.1e-13  8.2e-13  1.3e-12
140	18     4    2.2e-13  2.2e-13  2.3e-13  3.1e-13  4.4e-13  5.4e-13  9.9e-13  1.4e-12
141	18     5    3.7e-13  3.6e-13  3.9e-13  5.0e-13  7.2e-13  8.7e-13  1.6e-12  2.3e-12
142	18     6    6.0e-13  5.8e-13  6.2e-13  8.1e-13  1.1e-12  1.4e-12  2.5e-12  3.4e-12
143	18     7    4.8e-14  4.7e-14  5.0e-14  6.6e-14  9.6e-14  1.2e-13  3.1e-13  6.3e-13
144	18     8    3.4e-26  2.2e-20  2.2e-18  1.3e-16  2.0e-15  5.7e-15  7.8e-14  2.4e-13
145	18     9    1.1e-12  1.1e-12  1.1e-12  1.4e-12  2.0e-12  2.4e-12  4.5e-12  6.5e-12
146	18    10    4.3e-12  4.1e-12  4.3e-12  5.3e-12  7.1e-12  8.4e-12  1.5e-11  2.0e-11
147	18    11    6.1e-14  5.8e-14  6.1e-14  8.2e-14  1.4e-13  1.8e-13  4.5e-13  7.4e-13
148	18    12    1.1e-21  3.2e-17  9.9e-16  1.7e-14  8.8e-14  1.6e-13  5.8e-13  1.0e-12
149	18    13    2.8e-12  2.6e-12  2.6e-12  3.0e-12  4.0e-12  4.5e-12  6.9e-12  8.6e-12
150	18    14    2.9e-11  2.7e-11  2.7e-11  3.0e-11  3.6e-11  3.9e-11  5.1e-11  5.8e-11
151	18    15    3.9e-14  3.6e-14  3.9e-14  6.2e-14  1.2e-13  1.6e-13  3.9e-13  7.1e-13
152	18    16    1.3e-18  1.9e-15  2.1e-14  1.4e-13  4.4e-13  6.6e-13  1.6e-12  2.6e-12
153	18    17    3.7e-17  3.8e-15  2.0e-14  9.9e-14  3.4e-13  5.7e-13  2.2e-12  4.1e-12
154	19     1    2.2e-13  2.2e-13  2.5e-13  3.4e-13  5.5e-13  7.1e-13  1.7e-12  2.6e-12
155	19     2    1.1e-29  4.4e-22  1.6e-19  2.4e-17  5.8e-16  1.9e-15  3.7e-14  1.3e-13
156	19     3    9.2e-13  8.9e-13  9.6e-13  1.3e-12  1.8e-12  2.2e-12  4.1e-12  5.7e-12
157	19     4    1.1e-29  4.4e-22  1.6e-19  2.4e-17  5.8e-16  1.9e-15  3.7e-14  1.3e-13
158	19     5    5.8e-26  3.8e-20  3.8e-18  2.3e-16  3.4e-15  9.8e-15  1.3e-13  4.2e-13
159	19     6    1.5e-26  9.8e-21  9.9e-19  5.9e-17  8.9e-16  2.6e-15  3.7e-14  1.2e-13
160	19     7    1.0e-12  9.8e-13  1.1e-12  1.4e-12  2.0e-12  2.4e-12  4.3e-12  6.0e-12
161	19     8    1.7e-44  6.3e-30  5.2e-25  6.3e-21  1.9e-18  1.5e-17  1.7e-15  9.9e-15
162	19     9    1.0e-21  3.0e-17  9.2e-16  1.6e-14  8.2e-14  1.4e-13  5.5e-13  9.7e-13
163	19    10    1.2e-22  3.5e-18  1.1e-16  1.9e-15  9.8e-15  1.8e-14  7.3e-14  1.5e-13
164	19    11    5.5e-12  5.2e-12  5.5e-12  6.8e-12  9.2e-12  1.1e-11  2.0e-11  2.7e-11
165	19    12    4.6e-39  5.5e-27  5.8e-23  1.1e-19  9.8e-18  4.8e-17  1.8e-15  7.7e-15
166	19    13    1.0e-18  1.5e-15  1.6e-14  1.1e-13  3.5e-13  5.2e-13  1.3e-12  2.2e-12
167	19    14    6.5e-20  9.5e-17  1.0e-15  7.2e-15  2.3e-14  3.6e-14  1.3e-13  3.0e-13
168	19    15    3.2e-11  3.0e-11  3.0e-11  3.3e-11  4.0e-11  4.4e-11  5.8e-11  6.7e-11
169	19    16    9.3e-33  9.2e-24  9.3e-21  3.0e-18  9.6e-17  3.4e-16  6.4e-15  2.2e-14
170	19    17    2.1e-17  2.2e-15  1.1e-14  5.6e-14  1.9e-13  3.3e-13  1.3e-12  2.5e-12
171	19    18    6.8e-19  7.0e-17  3.7e-16  2.0e-15  8.4e-15  1.6e-14  8.6e-14  1.8e-13
172	20     1    2.2e-13  2.2e-13  2.5e-13  3.4e-13  5.5e-13  7.1e-13  1.7e-12  2.6e-12
173	20     2    3.1e-13  3.0e-13  3.3e-13  4.3e-13  6.2e-13  7.5e-13  1.4e-12  1.9e-12
174	20     3    4.3e-14  4.2e-14  4.5e-14  5.9e-14  8.6e-14  1.1e-13  2.8e-13  5.6e-13
175	20     4    5.6e-13  5.4e-13  5.9e-13  7.7e-13  1.1e-12  1.3e-12  2.5e-12  3.4e-12
176	20     5    8.0e-14  7.7e-14  8.3e-14  1.1e-13  1.6e-13  2.0e-13  4.9e-13  9.2e-13
177	20     6    3.7e-13  3.6e-13  3.9e-13  5.1e-13  7.2e-13  8.7e-13  1.6e-12  2.4e-12
178	20     7    4.8e-15  4.7e-15  5.0e-15  6.6e-15  1.0e-14  1.4e-14  6.5e-14  1.8e-13
179	20     8    5.6e-13  5.4e-13  5.8e-13  7.6e-13  1.1e-12  1.3e-12  2.3e-12  3.1e-12
180	20     9    9.6e-14  9.1e-14  9.6e-14  1.3e-13  2.1e-13  2.8e-13  6.8e-13  1.1e-12
181	20    10    1.1e-12  1.0e-12  1.1e-12  1.4e-12  1.9e-12  2.3e-12  4.5e-12  6.5e-12
182	20    11    2.2e-15  2.1e-15  2.2e-15  3.7e-15  8.7e-15  1.3e-14  4.7e-14  9.5e-14
183	20    12    4.3e-12  4.1e-12  4.3e-12  5.3e-12  7.2e-12  8.5e-12  1.5e-11  2.1e-11
184	20    13    5.9e-14  5.5e-14  5.9e-14  9.4e-14  1.7e-13  2.3e-13  5.8e-13  1.0e-12
185	20    14    2.6e-12  2.4e-12  2.4e-12  2.9e-12  3.8e-12  4.4e-12  6.7e-12  8.5e-12
186	20    15    1.0e-20  1.5e-17  1.6e-16  1.1e-15  3.8e-15  6.1e-15  3.1e-14  8.1e-14
187	20    16    2.9e-11  2.7e-11  2.7e-11  3.0e-11  3.6e-11  4.0e-11  5.2e-11  6.0e-11
188	20    17    1.4e-18  1.4e-16  7.7e-16  4.1e-15  1.7e-14  3.3e-14  1.8e-13  3.7e-13
189	20    18    3.6e-17  3.7e-15  1.9e-14  9.5e-14  3.2e-13  5.5e-13  2.2e-12  4.0e-12
190	20    19    6.1e-28  1.9e-21  2.9e-19  1.9e-17  2.4e-16  6.1e-16  5.4e-15  1.5e-14
191	21     1    6.5e-15  1.6e-14  2.3e-14  3.9e-14  7.2e-14  1.0e-13  3.2e-13  6.1e-13
192	21     2    3.2e-14  8.0e-14  1.1e-13  1.8e-13  3.1e-13  4.1e-13  9.8e-13  1.6e-12
193	21     3    3.2e-14  8.0e-14  1.1e-13  1.8e-13  3.1e-13  4.1e-13  9.8e-13  1.5e-12
194	21     4    2.2e-33  3.2e-24  3.6e-21  1.2e-18  4.1e-17  1.5e-16  2.9e-15  8.7e-15
195	21     5    1.2e-13  3.0e-13  4.2e-13  6.5e-13  1.0e-12  1.3e-12  2.6e-12  3.8e-12
196	21     6    9.1e-31  9.4e-23  4.5e-20  7.9e-18  2.1e-16  7.2e-16  1.5e-14  5.4e-14
197	21     7    4.8e-14  1.2e-13  1.7e-13  2.6e-13  4.1e-13  5.2e-13  1.1e-12  1.6e-12
198	21     8    5.1e-31  5.2e-23  2.5e-20  4.4e-18  1.2e-16  4.0e-16  8.3e-15  3.0e-14
199	21     9    1.6e-13  4.0e-13  5.5e-13  8.3e-13  1.3e-12  1.6e-12  3.0e-12  4.2e-12
200	21    10    8.4e-27  1.4e-20  1.8e-18  1.2e-16  2.0e-15  5.9e-15  8.5e-14  2.7e-13
201	21    11    3.3e-14  8.0e-14  1.1e-13  1.7e-13  2.6e-13  3.2e-13  7.0e-13  1.2e-12
202	21    12    1.4e-27  2.3e-21  3.0e-19  2.1e-17  3.4e-16  9.9e-16  1.5e-14  5.0e-14
203	21    13    1.1e-12  2.7e-12  3.6e-12  5.3e-12  7.6e-12  9.2e-12  1.7e-11  2.3e-11
204	21    14    2.1e-22  1.5e-17  6.1e-16  1.2e-14  6.8e-14  1.2e-13  4.7e-13  8.3e-13
205	21    15    1.1e-13  2.7e-13  3.6e-13  5.4e-13  8.3e-13  1.0e-12  2.1e-12  3.1e-12
206	21    16    1.6e-23  1.2e-18  4.8e-17  9.5e-16  5.4e-15  9.8e-15  4.1e-14  8.3e-14
207	21    17    6.5e-12  1.5e-11  2.0e-11  2.7e-11  3.5e-11  4.0e-11  5.6e-11  6.6e-11
208	21    18    2.2e-19  8.5e-16  1.2e-14  9.9e-14  3.3e-13  5.1e-13  1.4e-12  2.2e-12
209	21    19    2.6e-13  6.2e-13  8.2e-13  1.2e-12  1.7e-12  2.0e-12  3.4e-12  4.7e-12
210	21    20    9.0e-21  3.4e-17  4.9e-16  4.1e-15  1.4e-14  2.3e-14  9.1e-14  2.1e-13
211	22     1    6.5e-15  1.6e-14  2.3e-14  3.9e-14  7.2e-14  1.0e-13  3.2e-13  6.1e-13
212	22     2    3.6e-14  9.1e-14  1.3e-13  2.1e-13  3.5e-13  4.6e-13  1.1e-12  1.8e-12
213	22     3    1.3e-14  3.3e-14  4.6e-14  7.5e-14  1.3e-13  1.7e-13  4.1e-13  6.7e-13
214	22     4    1.5e-14  3.7e-14  5.2e-14  8.4e-14  1.4e-13  1.9e-13  4.4e-13  7.0e-13
215	22     5    6.6e-14  1.6e-13  2.3e-13  3.5e-13  5.6e-13  7.1e-13  1.4e-12  2.1e-12
216	22     6    9.4e-14  2.3e-13  3.2e-13  5.0e-13  8.0e-13  1.0e-12  2.0e-12  2.9e-12
217	22     7    1.0e-14  2.5e-14  3.6e-14  5.5e-14  8.8e-14  1.1e-13  2.4e-13  3.9e-13
218	22     8    8.0e-31  8.3e-23  3.9e-20  7.0e-18  1.8e-16  6.4e-16  1.3e-14  4.7e-14
219	22     9    4.7e-14  1.2e-13  1.6e-13  2.4e-13  3.7e-13  4.6e-13  9.7e-13  1.5e-12
220	22    10    1.4e-13  3.5e-13  4.9e-13  7.4e-13  1.1e-12  1.4e-12  2.6e-12  3.6e-12
221	22    11    3.7e-15  9.1e-15  1.3e-14  1.9e-14  3.0e-14  3.8e-14  1.1e-13  2.3e-13
222	22    12    8.0e-27  1.3e-20  1.7e-18  1.2e-16  1.9e-15  5.6e-15  8.2e-14  2.6e-13
223	22    13    1.7e-13  4.0e-13  5.5e-13  8.1e-13  1.2e-12  1.5e-12  3.0e-12  4.4e-12
224	22    14    1.0e-12  2.5e-12  3.4e-12  5.0e-12  7.2e-12  8.6e-12  1.5e-11  2.2e-11
225	22    15    6.0e-15  1.5e-14  2.0e-14  3.1e-14  5.6e-14  7.7e-14  2.0e-13  3.2e-13
226	22    16    1.9e-22  1.4e-17  5.7e-16  1.1e-14  6.4e-14  1.2e-13  4.4e-13  7.8e-13
227	22    17    4.0e-13  9.6e-13  1.3e-12  1.8e-12  2.6e-12  3.1e-12  5.1e-12  6.6e-12
228	22    18    6.3e-12  1.5e-11  2.0e-11  2.7e-11  3.5e-11  3.9e-11  5.5e-11  6.3e-11
229	22    19    3.9e-15  9.5e-15  1.3e-14  2.6e-14  5.2e-14  7.3e-14  2.0e-13  3.7e-13
230	22    20    2.0e-19  7.7e-16  1.1e-14  9.0e-14  3.0e-13  4.7e-13  1.3e-12  2.1e-12
231	22    21    2.7e-17  2.8e-15  1.5e-14  7.2e-14  2.5e-13  4.2e-13  1.7e-12  3.0e-12
232	23     1    6.5e-15  1.6e-14  2.3e-14  3.9e-14  7.2e-14  1.0e-13  3.2e-13  6.1e-13
233	23     2    7.6e-33  1.1e-23  1.2e-20  4.1e-18  1.4e-16  5.1e-16  9.7e-15  3.0e-14
234	23     3    6.4e-14  1.6e-13  2.3e-13  3.7e-13  6.2e-13  8.2e-13  1.9e-12  3.1e-12
235	23     4    7.8e-33  1.1e-23  1.3e-20  4.2e-18  1.4e-16  5.3e-16  1.0e-14  3.0e-14
236	23     5    1.5e-30  1.5e-22  7.2e-20  1.3e-17  3.4e-16  1.2e-15  2.4e-14  8.7e-14
237	23     6    4.0e-31  4.2e-23  2.0e-20  3.5e-18  9.3e-17  3.2e-16  6.7e-15  2.4e-14
238	23     7    1.7e-13  4.2e-13  5.9e-13  9.1e-13  1.4e-12  1.8e-12  3.7e-12  5.3e-12
239	23     8    0.0e+00  0.0e+00  0.0e+00  0.0e+00  0.0e+00  0.0e+00  0.0e+00  0.0e+00
240	23     9    8.0e-27  1.3e-20  1.7e-18  1.2e-16  1.9e-15  5.5e-15  8.1e-14  2.6e-13
241	23    10    1.1e-27  1.7e-21  2.3e-19  1.6e-17  2.5e-16  7.4e-16  1.1e-14  3.8e-14
242	23    11    2.0e-13  4.8e-13  6.6e-13  1.0e-12  1.5e-12  1.9e-12  3.7e-12  5.3e-12
243	23    12    3.7e-46  3.5e-31  3.7e-26  5.2e-22  1.7e-19  1.4e-18  1.6e-16  9.8e-16
244	23    13    1.6e-22  1.2e-17  4.8e-16  9.6e-15  5.4e-14  9.8e-14  3.8e-13  6.7e-13
245	23    14    1.2e-23  8.9e-19  3.6e-17  7.1e-16  4.0e-15  7.4e-15  3.1e-14  6.3e-14
246	23    15    1.2e-12  2.9e-12  4.0e-12  5.8e-12  8.5e-12  1.0e-11  1.9e-11  2.6e-11
247	23    16    2.4e-40  7.3e-28  1.0e-23  2.3e-20  2.1e-18  1.1e-17  4.1e-16  1.7e-15
248	23    17    1.6e-19  6.1e-16  8.6e-15  7.1e-14  2.4e-13  3.7e-13  1.0e-12  1.7e-12
249	23    18    6.8e-21  2.6e-17  3.6e-16  3.0e-15  1.1e-14  1.7e-14  6.9e-14  1.6e-13
250	23    19    6.7e-12  1.6e-11  2.1e-11  2.8e-11  3.7e-11  4.2e-11  6.0e-11  7.1e-11
251	23    20    6.1e-34  1.6e-24  2.1e-21  7.9e-19  2.8e-17  1.0e-16  2.0e-15  7.0e-15
252	23    21    1.6e-17  1.6e-15  8.6e-15  4.2e-14  1.5e-13  2.5e-13  1.0e-12  1.9e-12
253	23    22    3.7e-19  3.7e-17  2.0e-16  1.1e-15  4.5e-15  8.6e-15  4.6e-14  9.9e-14
254	24     1    6.5e-15  1.6e-14  2.3e-14  3.9e-14  7.2e-14  1.0e-13  3.2e-13  6.1e-13
255	24     2    2.3e-14  5.7e-14  8.0e-14  1.3e-13  2.2e-13  2.9e-13  6.9e-13  1.1e-12
256	24     3    3.5e-15  8.7e-15  1.2e-14  2.0e-14  3.4e-14  4.6e-14  1.3e-13  2.4e-13
257	24     4    3.8e-14  9.5e-14  1.3e-13  2.2e-13  3.7e-13  4.8e-13  1.1e-12  1.8e-12
258	24     5    1.6e-14  4.0e-14  5.5e-14  8.6e-14  1.4e-13  1.7e-13  3.7e-13  6.0e-13
259	24     6    6.4e-14  1.6e-13  2.2e-13  3.4e-13  5.5e-13  6.9e-13  1.4e-12  2.1e-12
260	24     7    1.2e-15  3.0e-15  4.3e-15  6.7e-15  1.1e-14  1.4e-14  3.5e-14  6.8e-14
261	24     8    8.8e-14  2.2e-13  3.0e-13  4.7e-13  7.5e-13  9.5e-13  1.9e-12  2.7e-12
262	24     9    5.5e-15  1.4e-14  1.9e-14  2.8e-14  4.4e-14  5.7e-14  1.6e-13  3.2e-13
263	24    10    4.5e-14  1.1e-13  1.5e-13  2.3e-13  3.5e-13  4.3e-13  9.3e-13  1.5e-12
264	24    11    2.1e-16  5.2e-16  7.2e-16  1.1e-15  1.8e-15  2.5e-15  1.1e-14  3.1e-14
265	24    12    1.4e-13  3.6e-13  4.9e-13  7.4e-13  1.1e-12  1.4e-12  2.7e-12  3.8e-12
266	24    13    8.6e-15  2.1e-14  2.9e-14  4.5e-14  8.0e-14  1.1e-13  2.8e-13  4.6e-13
267	24    14    1.5e-13  3.7e-13  5.0e-13  7.5e-13  1.1e-12  1.4e-12  2.9e-12  4.2e-12
268	24    15    1.3e-16  3.2e-16  4.5e-16  8.6e-16  2.2e-15  3.4e-15  1.2e-14  2.4e-14
269	24    16    1.0e-12  2.6e-12  3.4e-12  5.0e-12  7.3e-12  8.8e-12  1.6e-11  2.2e-11
270	24    17    5.6e-15  1.3e-14  1.9e-14  3.6e-14  7.4e-14  1.0e-13  2.7e-13  5.1e-13
271	24    18    3.6e-13  8.7e-13  1.1e-12  1.6e-12  2.4e-12  2.8e-12  4.7e-12  6.2e-12
272	24    19    6.6e-22  2.5e-18  3.6e-17  3.0e-16  1.1e-15  1.8e-15  9.5e-15  2.5e-14
273	24    20    6.4e-12  1.5e-11  2.0e-11  2.7e-11  3.5e-11  4.0e-11  5.6e-11  6.6e-11
274	24    21    6.8e-19  6.9e-17  3.7e-16  2.0e-15  8.4e-15  1.6e-14  8.5e-14  1.8e-13
275	24    22    2.5e-17  2.5e-15  1.3e-14  6.6e-14  2.3e-13  3.9e-13  1.5e-12  2.9e-12
276	24    23    2.0e-28  6.2e-22  9.7e-20  6.4e-18  8.1e-17  2.0e-16  1.8e-15  4.9e-15
277	25     1    5.0e-15  9.2e-15  1.2e-14  1.9e-14  3.3e-14  4.5e-14  1.2e-13  1.9e-13
278	25     2    1.0e-14  1.8e-14  2.5e-14  3.9e-14  6.9e-14  9.6e-14  2.8e-13  4.6e-13
279	25     3    1.1e-14  2.0e-14  2.6e-14  4.1e-14  7.3e-14  1.0e-13  2.9e-13  4.8e-13
280	25     4    0.0e+00  0.0e+00  0.0e+00  0.0e+00  0.0e+00  0.0e+00  0.0e+00  0.0e+00
281	25     5    5.6e-14  1.0e-13  1.4e-13  2.1e-13  3.4e-13  4.6e-13  1.1e-12  1.7e-12
282	25     6    4.2e-33  4.3e-24  4.7e-21  1.4e-18  4.9e-17  1.8e-16  3.6e-15  1.1e-14
283	25     7    2.5e-14  4.5e-14  6.0e-14  9.1e-14  1.5e-13  2.0e-13  5.1e-13  7.9e-13
284	25     8    2.5e-33  2.6e-24  2.8e-21  8.6e-19  2.9e-17  1.1e-16  2.1e-15  6.3e-15
285	25     9    1.5e-13  2.7e-13  3.6e-13  5.3e-13  8.3e-13  1.1e-12  2.3e-12  3.3e-12
286	25    10    1.2e-30  8.9e-23  4.0e-20  6.7e-18  1.8e-16  6.2e-16  1.4e-14  4.9e-14
287	25    11    3.5e-14  6.4e-14  8.4e-14  1.2e-13  1.9e-13  2.5e-13  5.5e-13  8.3e-13
288	25    12    2.2e-31  1.6e-23  7.2e-21  1.2e-18  3.2e-17  1.1e-16  2.5e-15  8.9e-15
289	25    13    2.6e-13  4.6e-13  6.0e-13  8.5e-13  1.3e-12  1.6e-12  3.1e-12  4.3e-12
290	25    14    1.1e-26  1.3e-20  1.6e-18  1.0e-16  1.6e-15  4.7e-15  7.1e-14  2.2e-13
291	25    15    3.4e-14  6.1e-14  7.9e-14  1.1e-13  1.7e-13  2.1e-13  4.9e-13  8.0e-13
292	25    16    9.5e-28  1.1e-21  1.4e-19  8.9e-18  1.4e-16  4.2e-16  6.7e-15  2.2e-14
293	25    17    1.6e-12  2.8e-12  3.6e-12  5.0e-12  7.1e-12  8.6e-12  1.6e-11  2.2e-11
294	25    18    2.4e-22  1.2e-17  4.7e-16  8.8e-15  4.9e-14  8.9e-14  3.5e-13  6.2e-13
295	25    19    1.1e-13  2.0e-13  2.6e-13  3.6e-13  5.4e-13  6.9e-13  1.4e-12  2.1e-12
296	25    20    1.2e-23  6.1e-19  2.3e-17  4.4e-16  2.4e-15  4.5e-15  1.9e-14  3.9e-14
297	25    21    9.8e-12  1.7e-11  2.1e-11  2.6e-11  3.4e-11  3.8e-11  5.6e-11  6.8e-11
298	25    22    2.6e-19  7.0e-16  9.3e-15  7.3e-14  2.4e-13  3.7e-13  1.1e-12  1.8e-12
299	25    23    2.9e-13  4.9e-13  6.1e-13  8.3e-13  1.2e-12  1.4e-12  2.6e-12  3.6e-12
300	25    24    7.2e-21  2.0e-17  2.6e-16  2.1e-15  7.1e-15  1.1e-14  4.8e-14  1.1e-13
301	26     1    5.0e-15  9.2e-15  1.2e-14  1.9e-14  3.3e-14  4.5e-14  1.2e-13  1.9e-13
302	26     2    1.2e-14  2.1e-14  2.9e-14  4.5e-14  8.0e-14  1.1e-13  3.2e-13  5.3e-13
303	26     3    4.5e-15  8.3e-15  1.1e-14  1.7e-14  3.1e-14  4.3e-14  1.2e-13  2.0e-13
304	26     4    4.6e-15  8.4e-15  1.1e-14  1.8e-14  3.1e-14  4.3e-14  1.2e-13  2.1e-13
305	26     5    3.2e-14  5.9e-14  7.9e-14  1.2e-13  2.0e-13  2.6e-13  6.6e-13  1.0e-12
306	26     6    4.3e-14  7.8e-14  1.0e-13  1.6e-13  2.6e-13  3.5e-13  8.6e-13  1.3e-12
307	26     7    5.7e-15  1.0e-14  1.4e-14  2.1e-14  3.5e-14  4.7e-14  1.2e-13  1.9e-13
308	26     8    3.7e-33  3.9e-24  4.2e-21  1.3e-18  4.3e-17  1.6e-16  3.2e-15  9.5e-15
309	26     9    5.0e-14  9.0e-14  1.2e-13  1.7e-13  2.7e-13  3.5e-13  7.6e-13  1.1e-12
310	26    10    1.3e-13  2.4e-13  3.1e-13  4.6e-13  7.2e-13  9.2e-13  2.0e-12  2.9e-12
311	26    11    4.8e-15  8.6e-15  1.1e-14  1.7e-14  2.6e-14  3.4e-14  7.9e-14  1.3e-13
312	26    12    1.1e-30  8.5e-23  3.8e-20  6.4e-18  1.7e-16  5.9e-16  1.3e-14  4.7e-14
313	26    13    5.0e-14  8.9e-14  1.2e-13  1.6e-13  2.5e-13  3.1e-13  6.8e-13  1.1e-12
314	26    14    2.4e-13  4.3e-13  5.5e-13  7.9e-13  1.2e-12  1.5e-12  2.9e-12  3.9e-12
315	26    15    2.6e-15  4.7e-15  6.1e-15  8.7e-15  1.3e-14  1.7e-14  5.1e-14  1.0e-13
316	26    16    9.9e-27  1.2e-20  1.4e-18  9.4e-17  1.5e-15  4.4e-15  6.6e-14  2.1e-13
317	26    17    1.7e-13  3.0e-13  3.8e-13  5.3e-13  8.0e-13  1.0e-12  2.1e-12  3.0e-12
318	26    18    1.5e-12  2.7e-12  3.5e-12  4.8e-12  6.8e-12  8.3e-12  1.5e-11  2.1e-11
319	26    19    4.4e-15  7.7e-15  9.9e-15  1.5e-14  2.6e-14  3.6e-14  9.4e-14  1.5e-13
320	26    20    2.1e-22  1.1e-17  4.3e-16  8.0e-15  4.4e-14  8.1e-14  3.2e-13  5.6e-13
321	26    21    4.4e-13  7.5e-13  9.3e-13  1.2e-12  1.8e-12  2.1e-12  3.7e-12  5.1e-12
322	26    22    9.6e-12  1.7e-11  2.0e-11  2.6e-11  3.3e-11  3.7e-11  5.5e-11  6.7e-11
323	26    23    3.2e-15  5.5e-15  7.3e-15  1.3e-14  2.6e-14  3.7e-14  1.1e-13  2.0e-13
324	26    24    2.3e-19  6.2e-16  8.2e-15  6.4e-14  2.1e-13  3.3e-13  9.5e-13  1.7e-12
325	26    25    2.1e-17  2.1e-15  1.1e-14  5.5e-14  1.9e-13  3.2e-13  1.3e-12  2.4e-12
326	27     1    5.0e-15  9.2e-15  1.2e-14  1.9e-14  3.3e-14  4.5e-14  1.2e-13  1.9e-13
327	27     2    7.6e-15  1.4e-14  1.9e-14  2.9e-14  5.2e-14  7.2e-14  2.1e-13  3.4e-13
328	27     3    1.3e-15  2.3e-15  3.1e-15  4.8e-15  8.6e-15  1.2e-14  3.4e-14  5.7e-14
329	27     4    1.2e-14  2.2e-14  3.0e-14  4.6e-14  8.2e-14  1.1e-13  3.3e-13  5.4e-13
330	27     5    8.6e-15  1.6e-14  2.1e-14  3.2e-14  5.3e-14  7.0e-14  1.8e-13  2.9e-13
331	27     6    3.1e-14  5.7e-14  7.5e-14  1.1e-13  1.9e-13  2.5e-13  6.3e-13  9.8e-13
332	27     7    7.6e-16  1.4e-15  1.8e-15  2.8e-15  4.7e-15  6.3e-15  1.8e-14  3.0e-14
333	27     8    4.0e-14  7.4e-14  9.8e-14  1.5e-13  2.5e-13  3.3e-13  8.1e-13  1.3e-12
334	27     9    6.8e-15  1.2e-14  1.6e-14  2.4e-14  3.8e-14  4.8e-14  1.1e-13  1.8e-13
335	27    10    4.6e-14  8.3e-14  1.1e-13  1.6e-13  2.5e-13  3.2e-13  7.1e-13  1.1e-12
336	27    11    3.4e-16  6.2e-16  8.1e-16  1.2e-15  1.9e-15  2.5e-15  6.6e-15  1.3e-14
337	27    12    1.3e-13  2.4e-13  3.2e-13  4.6e-13  7.3e-13  9.3e-13  2.0e-12  2.9e-12
338	27    13    3.7e-15  6.5e-15  8.4e-15  1.2e-14  1.8e-14  2.4e-14  7.0e-14  1.4e-13
339	27    14    4.5e-14  8.0e-14  1.0e-13  1.5e-13  2.2e-13  2.8e-13  6.3e-13  1.0e-12
340	27    15    9.8e-17  1.7e-16  2.2e-16  3.2e-16  5.2e-16  7.3e-16  3.3e-15  8.7e-15
341	27    16    2.4e-13  4.4e-13  5.6e-13  8.0e-13  1.2e-12  1.5e-12  3.0e-12  4.2e-12
342	27    17    6.0e-15  1.1e-14  1.3e-14  2.0e-14  3.5e-14  4.8e-14  1.3e-13  2.1e-13
343	27    18    1.5e-13  2.6e-13  3.4e-13  4.7e-13  7.2e-13  9.0e-13  1.9e-12  2.7e-12
344	27    19    6.6e-17  1.2e-16  1.5e-16  2.7e-16  6.7e-16  1.1e-15  3.8e-15  7.4e-15
345	27    20    1.6e-12  2.8e-12  3.5e-12  4.8e-12  6.9e-12  8.4e-12  1.6e-11  2.2e-11
346	27    21    4.3e-15  7.4e-15  9.8e-15  1.8e-14  3.5e-14  4.9e-14  1.4e-13  2.7e-13
347	27    22    3.8e-13  6.6e-13  8.2e-13  1.1e-12  1.6e-12  1.9e-12  3.3e-12  4.6e-12
348	27    23    3.7e-22  1.0e-18  1.4e-17  1.1e-16  3.8e-16  6.3e-16  3.4e-15  9.4e-15
349	27    24    9.7e-12  1.7e-11  2.0e-11  2.6e-11  3.3e-11  3.8e-11  5.6e-11  6.9e-11
350	27    25    3.6e-19  3.7e-17  2.0e-16  1.1e-15  4.5e-15  8.6e-15  4.6e-14  9.9e-14
351	27    26    1.8e-17  1.9e-15  9.8e-15  4.9e-14  1.7e-13  2.8e-13  1.1e-12  2.1e-12
352	28     1    5.0e-15  9.2e-15  1.2e-14  1.9e-14  3.3e-14  4.5e-14  1.2e-13  1.9e-13
353	28     2    0.0e+00  0.0e+00  0.0e+00  0.0e+00  0.0e+00  0.0e+00  0.0e+00  0.0e+00
354	28     3    2.1e-14  3.8e-14  5.1e-14  8.0e-14  1.4e-13  2.0e-13  5.7e-13  9.4e-13
355	28     4    0.0e+00  0.0e+00  0.0e+00  0.0e+00  0.0e+00  0.0e+00  0.0e+00  0.0e+00
356	28     5    7.1e-33  7.4e-24  8.0e-21  2.5e-18  8.3e-17  3.1e-16  6.1e-15  1.8e-14
357	28     6    2.1e-33  2.1e-24  2.3e-21  7.1e-19  2.4e-17  8.8e-17  1.7e-15  5.2e-15
358	28     7    8.1e-14  1.5e-13  2.0e-13  3.0e-13  5.0e-13  6.6e-13  1.6e-12  2.5e-12
359	28     8    0.0e+00  0.0e+00  0.0e+00  0.0e+00  0.0e+00  0.0e+00  0.0e+00  0.0e+00
360	28     9    1.2e-30  8.8e-23  3.9e-20  6.6e-18  1.7e-16  6.1e-16  1.3e-14  4.8e-14
361	28    10    1.7e-31  1.3e-23  5.6e-21  9.4e-19  2.5e-17  8.6e-17  1.9e-15  6.9e-15
362	28    11    1.9e-13  3.4e-13  4.4e-13  6.5e-13  1.0e-12  1.3e-12  2.8e-12  4.1e-12
363	28    12    0.0e+00  0.0e+00  0.0e+00  0.0e+00  0.0e+00  0.0e+00  0.0e+00  0.0e+00
364	28    13    8.8e-27  1.1e-20  1.3e-18  8.3e-17  1.3e-15  3.9e-15  5.9e-14  1.8e-13
365	28    14    7.3e-28  8.7e-22  1.1e-19  6.9e-18  1.1e-16  3.2e-16  5.1e-15  1.7e-14
366	28    15    2.9e-13  5.2e-13  6.8e-13  9.6e-13  1.4e-12  1.8e-12  3.6e-12  5.1e-12
367	28    16    1.4e-46  9.5e-32  9.4e-27  1.2e-22  3.9e-20  3.2e-19  3.9e-17  2.3e-16
368	28    17    1.8e-22  9.3e-18  3.5e-16  6.6e-15  3.7e-14  6.7e-14  2.7e-13  4.7e-13
369	28    18    9.0e-24  4.7e-19  1.8e-17  3.4e-16  1.9e-15  3.4e-15  1.5e-14  3.0e-14
370	28    19    1.7e-12  3.0e-12  3.9e-12  5.3e-12  7.6e-12  9.3e-12  1.8e-11  2.4e-11
371	28    20    1.1e-40  2.5e-28  3.2e-24  6.8e-21  6.3e-19  3.2e-18  1.2e-16  5.3e-16
372	28    21    1.8e-19  5.0e-16  6.6e-15  5.2e-14  1.7e-13  2.6e-13  7.7e-13  1.4e-12
373	28    22    5.6e-21  1.5e-17  2.0e-16  1.6e-15  5.5e-15  8.8e-15  3.8e-14  9.0e-14
374	28    23    1.0e-11  1.7e-11  2.1e-11  2.7e-11  3.5e-11  3.9e-11  5.9e-11  7.2e-11
375	28    24    3.5e-34  6.4e-25  8.0e-22  2.9e-19  1.0e-17  3.6e-17  7.5e-16  2.7e-15
376	28    25    1.2e-17  1.3e-15  6.7e-15  3.3e-14  1.1e-13  1.9e-13  7.8e-13  1.5e-12
377	28    26    2.1e-19  2.2e-17  1.2e-16  6.2e-16  2.6e-15  5.1e-15  2.7e-14  5.8e-14
378	28    27    5.4e-29  1.6e-22  2.6e-20  1.7e-18  2.2e-17  5.4e-17  4.7e-16  1.3e-15
!NOTES:
!Energy levels, transition frequencies and Einstein A coefficients taken from JPL
!Hyperfine structure included
