!MOLECULE
SO  spectroscopy from CDMS
!MOLECULAR WEIGHT
48.0
!NUMBER OF ENERGY LEVELS
31
!LEVEL + ENERGIES(cm^-1) + WEIGHT  + N_J
   1       0.0000       1        1_0
   2       1.0008       3        0_1
   3       3.0999       5        1_2
   4       6.4122       7        2_3
   5      10.5519       3        1_1
   6      10.9870       3        2_1
   7      11.0214       9        3_4
   8      13.4237       5        2_2
   9      14.6312       5        3_2
  10      17.0014      11        4_5
  11      17.7312       7        3_3
  12      19.9337       7        4_3
  13      23.4745       9        4_4
  14      24.3157      13        5_6
  15      26.8110       9        5_4
  16      30.6534      11        5_5
  17      33.0498      15        6_7
  18      35.2108      11        6_5
  19      39.2678      13        6_6
  20      43.1926      17        7_8
  21      45.1024      13        7_6
  22      49.3175      15        7_7
  23      54.7515      19        8_9
  24      56.4673      15        8_7
  25      60.8023      17        8_8
  26      67.7311      21        9_10
  27      69.2936      17        9_8
  28      73.7221      19        9_9
  29      82.1345      23        10_11
  30      83.5736      19        10_9
  31      88.0765      21        10_10
!NUMBER OF RADIATIVE TRANSITIONS
101
!TRANS + UP + LOW + EINSTEINA(s^-1) + FREQ(GHz) + E_u(K)
    1     2     1      2.361e-07        30.0015800         1.4
    2     3     2      2.646e-06        62.9318000         4.5
    3     4     3      1.125e-05        99.2998700         9.2
    4     5     1      8.468e-08       316.3416930        15.2
    5     5     2      1.403e-05       286.3401520        15.2
    6     6     1      1.423e-05       329.3854770        15.8
    7     6     2      1.203e-07       299.3839573        15.8
    8     6     3      1.417e-06       236.4522934        15.8
    9     6     5      2.911e-08        13.0438070        15.8
   10     7     4      3.165e-05       138.1786000        15.9
   11     8     2      8.575e-08       372.4341073        19.3
   12     8     3      1.419e-05       309.5024440        19.3
   13     8     4      2.843e-08       210.2025571        19.3
   14     8     5      5.250e-06        86.0939500        19.3
   15     9     2      1.583e-05       408.6361383        21.1
   16     9     3      1.390e-07       345.7044744        21.1
   17     9     4      1.007e-06       246.4045881        21.1
   18     9     6      1.080e-05       109.2522200        21.1
   19     9     8      1.942e-07        36.2020220        21.1
   20    10     7      7.021e-05       178.6054030        24.4
   21    11     3      8.999e-08       438.6413448        25.5
   22    11     4      1.455e-05       339.3414590        25.5
   23    11     7      2.751e-08       201.1628047        25.5
   24    11     8      2.250e-05       129.1389230        25.5
   25    12     3      1.595e-05       504.6762856        28.7
   26    12     4      1.629e-07       405.3763993        28.7
   27    12     7      7.117e-07       267.1977455        28.7
   28    12     9      4.233e-05       158.9718112        28.7
   29    12    11      5.509e-07        66.0349400        28.7
   30    13     4      9.537e-08       511.5228619        33.8
   31    13     7      1.508e-05       373.3442081        33.8
   32    13    10      2.632e-08       194.7388438        33.8
   33    13    11      5.833e-05       172.1814034        33.8
   34    14    10      1.335e-04       219.9494420        35.0
   35    15     4      1.507e-05       611.5524120        38.6
   36    15     7      1.903e-07       473.3737582        38.6
   37    15    10      5.326e-07       294.7683939        38.6
   38    15    12      1.010e-04       206.1760050        38.6
   39    15    13      1.083e-06       100.0296400        38.6
   40    16     7      1.015e-07       588.5648577        44.1
   41    16    10      1.575e-05       409.9594934        44.1
   42    16    13      1.193e-04       215.2206530        44.1
   43    16    14      2.524e-08       190.0101048        44.1
   44    17    14      2.282e-04       261.8437210        47.6
   45    18     7      1.384e-05       725.1995176        50.7
   46    18    10      2.197e-07       546.5941534        50.7
   47    18    14      4.200e-07       326.6447648        50.7
   48    18    15      1.925e-04       251.8257700        50.7
   49    18    16      1.749e-06       136.6347990        50.7
   50    19    10      1.081e-07       668.2153193        56.5
   51    19    14      1.651e-05       448.2659307        56.5
   52    19    16      2.120e-04       258.2558259        56.5
   53    19    17      2.433e-08       186.4222261        56.5
   54    19    18      6.473e-09       121.6211660        56.5
   55    20    17      3.609e-04       304.0778440        62.1
   56    21    10      1.259e-05       843.1442060        64.9
   57    21    14      2.505e-07       623.1948174        64.9
   58    21    17      3.450e-07       361.3511128        64.9
   59    21    18      3.229e-04       296.5500640        64.9
   60    21    19      2.514e-06       174.9288600        64.9
   61    22    14      1.152e-07       749.5520491        71.0
   62    22    17      1.735e-05       487.7083445        71.0
   63    22    19      3.429e-04       301.2861240        71.0
   64    22    20      2.359e-08       183.6304862        71.0
   65    22    21      7.465e-09       126.3572317        71.0
   66    23    20      5.382e-04       346.5284810        78.8
   67    24    14      1.143e-05       963.9091039        81.2
   68    24    17      2.823e-07       702.0653993        81.2
   69    24    19      2.521e-08       515.6431731        81.2
   70    24    20      2.921e-07       397.9875410        81.2
   71    24    21      4.985e-04       340.7141550        81.2
   72    24    22      3.351e-06       214.3570390        81.2
   73    25    17      1.226e-07       832.0190575        87.5
   74    25    20      1.823e-05       527.9411992        87.5
   75    25    22      5.186e-04       344.3106120        87.5
   76    25    23      2.297e-08       181.4126712        87.5
   77    25    24      8.274e-09       129.9536582        87.5
   78    26    23      7.665e-04       389.1209320        97.5
   79    27    17      1.042e-05      1086.5926858        99.7
   80    27    20      3.146e-07       782.5148275        99.7
   81    27    22      3.211e-08       598.8843413        99.7
   82    27    23      2.532e-07       435.9862996        99.7
   83    27    24      7.255e-04       384.5272866        99.7
   84    27    25      4.239e-06       254.5736284        99.7
   85    28    20      1.302e-07       915.2699946       106.1
   86    28    23      1.916e-05       568.7414667       106.1
   87    28    25      7.456e-04       387.3287950       106.1
   88    28    26      2.246e-08       179.6204980       106.1
   89    28    27      8.935e-09       132.7551671       106.1
   90    29    26      1.053e-03       431.8081960       118.2
   91    30    20      9.541e-06      1210.6255742       120.3
   92    30    23      3.475e-07       864.0970463       120.3
   93    30    25      3.934e-08       682.6843751       120.3
   94    30    26      2.234e-07       474.9760777       120.3
   95    30    27      1.011e-03       428.1107467       120.3
   96    30    28      5.167e-06       295.3556960       120.3
   97    31    23      1.380e-07       999.0810184       126.7
   98    31    26      2.012e-05       609.9600498       126.7
   99    31    28      1.030e-03       430.3395440       126.7
  100    31    29      2.204e-08       178.1518554       126.7
  101    31    30      9.482e-09       134.9839721       126.7
!NUMBER OF COLL PARTNERS
1
!COLLISIONS BETWEEN
2 SO-pH2 (Lique et al. 2007)
!NUMBER OF COLL TRANS
466
!NUMBER OF COLLISION TEMPERATURES
10
!COLL TEMPS
      5     10     15     20     25     30     35     40     45     50
!TRANS + UP + LOW + RATE COEFFS(cm^3 s^-1)
    1     2      1     2.9898e-11     2.1064e-11     1.6017e-11     1.2751e-11     1.0488e-11     8.8446e-12     7.6098e-12     6.6562e-12     5.9030e-12     5.2970e-12
    2     3      1     1.7891e-11     1.2845e-11     1.0123e-11     8.4581e-12     7.3637e-12     6.6087e-12     6.0688e-12     5.6719e-12     5.3737e-12     5.1453e-12
    3     3      2     9.0793e-11     7.2242e-11     6.0060e-11     5.2098e-11     4.6652e-11     4.2774e-11     3.9926e-11     3.7782e-11     3.6136e-11     3.4853e-11
    4     4      1     1.5431e-11     1.2916e-11     1.1229e-11     1.0059e-11     9.2083e-12     8.5626e-12     8.0554e-12     7.6453e-12     7.3056e-12     7.0182e-12
    5     4      2     4.9167e-11     4.0197e-11     3.5123e-11     3.2324e-11     3.0755e-11     2.9887e-11     2.9439e-11     2.9251e-11     2.9226e-11     2.9303e-11
    6     4      3     1.0391e-10     8.1074e-11     6.6712e-11     5.7442e-11     5.1157e-11     4.6738e-11     4.3549e-11     4.1208e-11     3.9469e-11     3.8167e-11
    7     5      1     5.9895e-12     3.8690e-12     2.8624e-12     2.2532e-12     1.8407e-12     1.5431e-12     1.3193e-12     1.1455e-12     1.0073e-12     8.9516e-13
    8     5      2     3.9431e-11     3.3275e-11     2.9423e-11     2.6940e-11     2.5327e-11     2.4286e-11     2.3635e-11     2.3257e-11     2.3074e-11     2.3031e-11
    9     5      3     6.1231e-11     5.3864e-11     5.1711e-11     5.1839e-11     5.2968e-11     5.4527e-11     5.6241e-11     5.7978e-11     5.9668e-11     6.1273e-11
   10     5      4     1.1269e-10     1.1322e-10     1.1283e-10     1.1160e-10     1.0998e-10     1.0820e-10     1.0640e-10     1.0462e-10     1.0290e-10     1.0124e-10
   11     6      1     3.1898e-11     2.7896e-11     2.4625e-11     2.2196e-11     2.0454e-11     1.9219e-11     1.8351e-11     1.7749e-11     1.7344e-11     1.7084e-11
   12     6      2     2.1239e-11     1.6154e-11     1.3287e-11     1.1526e-11     1.0376e-11     9.5918e-12     9.0401e-12     8.6420e-12     8.3488e-12     8.1290e-12
   13     6      3     4.5558e-11     3.8263e-11     3.3951e-11     3.1053e-11     2.8946e-11     2.7332e-11     2.6045e-11     2.4988e-11     2.4099e-11     2.3335e-11
   14     6      4     3.3187e-11     2.5848e-11     2.1870e-11     1.9377e-11     1.7685e-11     1.6478e-11     1.5588e-11     1.4916e-11     1.4397e-11     1.3991e-11
   15     6      5     1.5141e-11     1.2545e-11     1.0092e-11     8.2883e-12     6.9772e-12     6.0049e-12     5.2667e-12     4.6941e-12     4.2416e-12     3.8781e-12
   16     7      1     6.6574e-12     5.0948e-12     4.1597e-12     3.5334e-12     3.0887e-12     2.7600e-12     2.5092e-12     2.3131e-12     2.1567e-12     2.0296e-12
   17     7      2     4.9383e-11     4.5296e-11     4.2273e-11     4.0025e-11     3.8275e-11     3.6866e-11     3.5699e-11     3.4712e-11     3.3861e-11     3.3115e-11
   18     7      3     5.0486e-11     4.3992e-11     4.0123e-11     3.8191e-11     3.7332e-11     3.7073e-11     3.7154e-11     3.7428e-11     3.7811e-11     3.8248e-11
   19     7      4     9.6912e-11     8.3496e-11     7.3694e-11     6.6790e-11     6.1815e-11     5.8143e-11     5.5379e-11     5.3266e-11     5.1630e-11     5.0350e-11
   20     7      5     1.2773e-11     1.2174e-11     1.1352e-11     1.0607e-11     9.9796e-12     9.4616e-12     9.0353e-12     8.6835e-12     8.3914e-12     8.1471e-12
   21     7      6     8.3601e-12     7.8427e-12     7.4743e-12     7.2414e-12     7.0985e-12     7.0179e-12     6.9816e-12     6.9773e-12     6.9959e-12     7.0307e-12
   22     8      1     3.8704e-12     3.1937e-12     2.5330e-12     2.0455e-12     1.6896e-12     1.4240e-12     1.2207e-12     1.0614e-12     9.3400e-13     8.3024e-13
   23     8      2     3.3679e-11     3.2480e-11     3.3539e-11     3.5086e-11     3.6694e-11     3.8234e-11     3.9669e-11     4.0988e-11     4.2193e-11     4.3289e-11
   24     8      3     7.4559e-11     7.6227e-11     7.5792e-11     7.4702e-11     7.3436e-11     7.2172e-11     7.0973e-11     6.9854e-11     6.8815e-11     6.7849e-11
   25     8      4     5.1456e-11     4.5675e-11     4.2460e-11     4.0633e-11     3.9576e-11     3.8975e-11     3.8657e-11     3.8522e-11     3.8505e-11     3.8564e-11
   26     8      5     3.4919e-11     3.3506e-11     3.2786e-11     3.2302e-11     3.1958e-11     3.1714e-11     3.1548e-11     3.1441e-11     3.1380e-11     3.1353e-11
   27     8      6     1.0592e-11     8.1203e-12     6.5982e-12     5.6068e-12     4.9257e-12     4.4390e-12     4.0807e-12     3.8105e-12     3.6026e-12     3.4398e-12
   28     8      7     6.5403e-11     6.0981e-11     5.8725e-11     5.7281e-11     5.6247e-11     5.5484e-11     5.4919e-11     5.4503e-11     5.4201e-11     5.3983e-11
   29     9      1     2.4361e-11     2.5159e-11     2.6065e-11     2.6938e-11     2.7728e-11     2.8438e-11     2.9080e-11     2.9663e-11     3.0192e-11     3.0672e-11
   30     9      2     1.9036e-11     1.7112e-11     1.5560e-11     1.4395e-11     1.3497e-11     1.2782e-11     1.2196e-11     1.1706e-11     1.1286e-11     1.0922e-11
   31     9      3     2.0307e-11     1.6823e-11     1.4228e-11     1.2383e-11     1.1037e-11     1.0027e-11     9.2498e-12     8.6389e-12     8.1498e-12     7.7519e-12
   32     9      4     2.2250e-11     1.9289e-11     1.7327e-11     1.6014e-11     1.5131e-11     1.4541e-11     1.4155e-11     1.3915e-11     1.3779e-11     1.3719e-11
   33     9      5     9.6006e-12     8.1292e-12     7.0919e-12     6.4540e-12     6.0538e-12     5.7980e-12     5.6335e-12     5.5286e-12     5.4634e-12     5.4250e-12
   34     9      6     8.3622e-11     7.9063e-11     7.5700e-11     7.3168e-11     7.1178e-11     6.9581e-11     6.8279e-11     6.7205e-11     6.6307e-11     6.5547e-11
   35     9      7     1.7427e-11     1.4477e-11     1.2369e-11     1.0863e-11     9.7590e-12     8.9300e-12     8.2933e-12     7.7951e-12     7.3990e-12     7.0796e-12
   36     9      8     1.9662e-11     1.6949e-11     1.5037e-11     1.3662e-11     1.2634e-11     1.1838e-11     1.1206e-11     1.0690e-11     1.0261e-11     9.8988e-12
   37    10      1     3.1153e-12     2.5201e-12     2.1247e-12     1.8960e-12     1.7664e-12     1.6972e-12     1.6666e-12     1.6617e-12     1.6741e-12     1.6982e-12
   38    10      2     1.5788e-11     1.2828e-11     1.0930e-11     9.6452e-12     8.7236e-12     8.0350e-12     7.5045e-12     7.0860e-12     6.7496e-12     6.4749e-12
   39    10      3     5.4918e-11     5.4527e-11     5.3109e-11     5.1638e-11     5.0268e-11     4.9027e-11     4.7908e-11     4.6898e-11     4.5980e-11     4.5139e-11
   40    10      4     5.1782e-11     4.8888e-11     4.6971e-11     4.6089e-11     4.5835e-11     4.5946e-11     4.6267e-11     4.6704e-11     4.7201e-11     4.7719e-11
   41    10      5     8.3806e-12     7.9362e-12     7.4511e-12     7.1544e-12     7.0109e-12     6.9785e-12     7.0254e-12     7.1289e-12     7.2723e-12     7.4431e-12
   42    10      6     4.9731e-12     3.8770e-12     3.2431e-12     2.8182e-12     2.5120e-12     2.2817e-12     2.1031e-12     1.9616e-12     1.8475e-12     1.7543e-12
   43    10      7     1.0300e-10     9.1423e-11     8.3361e-11     7.7357e-11     7.2782e-11     6.9254e-11     6.6505e-11     6.4342e-11     6.2626e-11     6.1253e-11
   44    10      8     1.3245e-11     1.1263e-11     9.8994e-12     8.8867e-12     8.1099e-12     7.5014e-12     7.0165e-12     6.6245e-12     6.3039e-12     6.0387e-12
   45    10      9     7.8851e-12     7.3078e-12     6.8577e-12     6.5495e-12     6.3387e-12     6.1965e-12     6.1042e-12     6.0494e-12     6.0229e-12     6.0181e-12
   46    11      1     1.7938e-12     1.2445e-12     9.3731e-13     7.4421e-13     6.1198e-13     5.1606e-13     4.4358e-13     3.8707e-13     3.4191e-13     3.0511e-13
   47    11      2     4.4712e-11     4.7344e-11     4.8475e-11     4.8783e-11     4.8660e-11     4.8313e-11     4.7849e-11     4.7327e-11     4.6776e-11     4.6213e-11
   48    11      3     3.4335e-11     3.3830e-11     3.3218e-11     3.2784e-11     3.2492e-11     3.2311e-11     3.2212e-11     3.2173e-11     3.2177e-11     3.2208e-11
   49    11      4     5.4670e-11     5.3595e-11     5.2237e-11     5.1026e-11     5.0035e-11     4.9255e-11     4.8652e-11     4.8192e-11     4.7844e-11     4.7581e-11
   50    11      5     1.9347e-11     1.9227e-11     1.9716e-11     2.0550e-11     2.1491e-11     2.2436e-11     2.3342e-11     2.4193e-11     2.4982e-11     2.5709e-11
   51    11      6     9.3504e-12     7.3598e-12     6.1783e-12     5.3853e-12     4.8162e-12     4.3884e-12     4.0553e-12     3.7883e-12     3.5693e-12     3.3861e-12
   52    11      7     3.6104e-11     3.2730e-11     3.0091e-11     2.8206e-11     2.6856e-11     2.5878e-11     2.5162e-11     2.4635e-11     2.4244e-11     2.3952e-11
   53    11      8     4.7710e-11     4.2114e-11     3.8635e-11     3.6435e-11     3.5011e-11     3.4101e-11     3.3546e-11     3.3245e-11     3.3129e-11     3.3148e-11
   54    11      9     1.4020e-11     1.0807e-11     8.9308e-12     7.7236e-12     6.8933e-12     6.2964e-12     5.8535e-12     5.5166e-12     5.2553e-12     5.0491e-12
   55    11     10     3.6760e-11     3.6782e-11     3.6271e-11     3.5734e-11     3.5268e-11     3.4902e-11     3.4637e-11     3.4462e-11     3.4361e-11     3.4321e-11
   56    12      1     3.1824e-11     3.2383e-11     3.2314e-11     3.1945e-11     3.1448e-11     3.0907e-11     3.0361e-11     2.9827e-11     2.9312e-11     2.8818e-11
   57    12      2     8.1438e-12     6.8367e-12     5.9277e-12     5.2966e-12     4.8385e-12     4.4939e-12     4.2276e-12     4.0174e-12     3.8485e-12     3.7104e-12
   58    12      3     1.1821e-11     9.7738e-12     8.5974e-12     7.8786e-12     7.4297e-12     7.1541e-12     6.9952e-12     6.9175e-12     6.8970e-12     6.9168e-12
   59    12      4     1.2986e-11     1.0434e-11     8.5886e-12     7.2826e-12     6.3270e-12     5.6055e-12     5.0464e-12     4.6037e-12     4.2468e-12     3.9549e-12
   60    12      5     1.4053e-11     1.2715e-11     1.1852e-11     1.1223e-11     1.0727e-11     1.0318e-11     9.9707e-12     9.6702e-12     9.4054e-12     9.1687e-12
   61    12      6     3.5590e-11     3.6498e-11     3.6610e-11     3.6996e-11     3.7594e-11     3.8305e-11     3.9062e-11     3.9826e-11     4.0572e-11     4.1286e-11
   62    12      7     1.4245e-11     1.2601e-11     1.1430e-11     1.0603e-11     1.0017e-11     9.6012e-12     9.3107e-12     9.1130e-12     8.9856e-12     8.9115e-12
   63    12      8     1.2359e-11     1.0725e-11     9.4098e-12     8.4935e-12     7.8522e-12     7.3946e-12     7.0615e-12     6.8149e-12     6.6298e-12     6.4889e-12
   64    12      9     9.8583e-11     8.9838e-11     8.4228e-11     8.0147e-11     7.7094e-11     7.4792e-11     7.3050e-11     7.1731e-11     7.0732e-11     6.9976e-11
   65    12     10     8.6002e-12     7.6368e-12     6.7253e-12     6.0035e-12     5.4479e-12     5.0204e-12     4.6893e-12     4.4306e-12     4.2265e-12     4.0641e-12
   66    12     11     2.0777e-11     1.7320e-11     1.5318e-11     1.3996e-11     1.3054e-11     1.2356e-11     1.1824e-11     1.1410e-11     1.1083e-11     1.0821e-11
   67    13      1     7.4885e-13     6.0212e-13     4.7998e-13     3.9098e-13     3.2550e-13     2.7613e-13     2.3798e-13     2.0784e-13     1.8356e-13     1.6368e-13
   68    13      2     1.1688e-11     1.1242e-11     1.0714e-11     1.0240e-11     9.8379e-12     9.5032e-12     9.2267e-12     8.9987e-12     8.8103e-12     8.6538e-12
   69    13      3     3.3459e-11     3.4486e-11     3.4813e-11     3.4828e-11     3.4730e-11     3.4607e-11     3.4494e-11     3.4403e-11     3.4336e-11     3.4288e-11
   70    13      4     2.6415e-11     2.5573e-11     2.4645e-11     2.3855e-11     2.3209e-11     2.2690e-11     2.2276e-11     2.1946e-11     2.1682e-11     2.1469e-11
   71    13      5     2.8948e-11     3.0370e-11     3.1022e-11     3.1266e-11     3.1299e-11     3.1227e-11     3.1104e-11     3.0958e-11     3.0801e-11     3.0641e-11
   72    13      6     3.6319e-12     2.7313e-12     2.1706e-12     1.8009e-12     1.5412e-12     1.3503e-12     1.2049e-12     1.0911e-12     1.0001e-12     9.2597e-13
   73    13      7     4.0744e-11     3.8974e-11     3.7663e-11     3.6619e-11     3.5795e-11     3.5163e-11     3.4689e-11     3.4343e-11     3.4098e-11     3.3932e-11
   74    13      8     2.5843e-11     2.6964e-11     2.7779e-11     2.8796e-11     2.9897e-11     3.0998e-11     3.2057e-11     3.3054e-11     3.3982e-11     3.4838e-11
   75    13      9     1.0540e-11     8.8517e-12     7.7354e-12     6.9742e-12     6.4284e-12     6.0228e-12     5.7132e-12     5.4716e-12     5.2798e-12     5.1250e-12
   76    13     10     2.8743e-11     2.5426e-11     2.3052e-11     2.1298e-11     1.9982e-11     1.8985e-11     1.8220e-11     1.7629e-11     1.7166e-11     1.6802e-11
   77    13     11     7.0643e-11     6.3077e-11     5.8270e-11     5.4840e-11     5.2284e-11     5.0348e-11     4.8871e-11     4.7741e-11     4.6876e-11     4.6213e-11
   78    13     12     1.3643e-11     1.0828e-11     9.1355e-12     8.0083e-12     7.2043e-12     6.6072e-12     6.1513e-12     5.7957e-12     5.5135e-12     5.2861e-12
   79    14      1     1.1777e-12     9.2747e-13     7.3455e-13     6.0468e-13     5.1358e-13     4.4678e-13     3.9605e-13     3.5647e-13     3.2493e-13     2.9941e-13
   80    14      2     6.6664e-12     6.0758e-12     5.7382e-12     5.5796e-12     5.5322e-12     5.5577e-12     5.6326e-12     5.7418e-12     5.8743e-12     6.0222e-12
   81    14      3     1.6977e-11     1.4412e-11     1.2848e-11     1.1748e-11     1.0928e-11     1.0297e-11     9.8003e-12     9.4030e-12     9.0806e-12     8.8156e-12
   82    14      4     6.0448e-11     6.1488e-11     6.0832e-11     5.9776e-11     5.8631e-11     5.7513e-11     5.6460e-11     5.5484e-11     5.4581e-11     5.3743e-11
   83    14      5     4.3293e-12     3.2493e-12     2.5830e-12     2.1391e-12     1.8244e-12     1.5909e-12     1.4118e-12     1.2709e-12     1.1580e-12     1.0661e-12
   84    14      6     2.8171e-12     2.7063e-12     2.6033e-12     2.5441e-12     2.5202e-12     2.5226e-12     2.5448e-12     2.5817e-12     2.6297e-12     2.6857e-12
   85    14      7     5.0864e-11     5.1712e-11     5.1978e-11     5.2323e-11     5.2763e-11     5.3266e-11     5.3803e-11     5.4351e-11     5.4895e-11     5.5420e-11
   86    14      8     8.7017e-12     8.2865e-12     7.8330e-12     7.5193e-12     7.3308e-12     7.2387e-12     7.2194e-12     7.2545e-12     7.3301e-12     7.4353e-12
   87    14      9     4.5909e-12     3.8863e-12     3.2018e-12     2.7185e-12     2.3764e-12     2.1271e-12     1.9405e-12     1.7979e-12     1.6867e-12     1.5989e-12
   88    14     10     1.1320e-10     1.0260e-10     9.4570e-11     8.8357e-11     8.3490e-11     7.9655e-11     7.6615e-11     7.4189e-11     7.2238e-11     7.0656e-11
   89    14     11     1.1028e-11     9.6538e-12     8.5420e-12     7.6561e-12     6.9548e-12     6.3968e-12     5.9489e-12     5.5857e-12     5.2884e-12     5.0427e-12
   90    14     12     4.3794e-12     4.2514e-12     4.0472e-12     3.8666e-12     3.7255e-12     3.6211e-12     3.5473e-12     3.4982e-12     3.4690e-12     3.4555e-12
   91    14     13     2.0448e-11     1.9749e-11     1.9010e-11     1.8366e-11     1.7836e-11     1.7418e-11     1.7097e-11     1.6859e-11     1.6686e-11     1.6567e-11
   92    15      1     8.0342e-12     7.3625e-12     6.8471e-12     6.4417e-12     6.1161e-12     5.8520e-12     5.6359e-12     5.4579e-12     5.3101e-12     5.1863e-12
   93    15      2     4.6405e-12     4.4199e-12     4.2403e-12     4.1202e-12     4.0465e-12     4.0075e-12     3.9943e-12     4.0000e-12     4.0195e-12     4.0486e-12
   94    15      3     5.1644e-12     4.3554e-12     3.6972e-12     3.2260e-12     2.8821e-12     2.6235e-12     2.4240e-12     2.2666e-12     2.1403e-12     2.0375e-12
   95    15      4     7.7979e-12     6.9660e-12     6.3119e-12     5.8654e-12     5.5603e-12     5.3531e-12     5.2163e-12     5.1316e-12     5.0861e-12     5.0702e-12
   96    15      5     5.1470e-12     4.3816e-12     3.8385e-12     3.4475e-12     3.1567e-12     2.9343e-12     2.7603e-12     2.6215e-12     2.5091e-12     2.4167e-12
   97    15      6     4.8597e-11     5.0413e-11     5.0587e-11     5.0261e-11     4.9762e-11     4.9221e-11     4.8692e-11     4.8194e-11     4.7733e-11     4.7305e-11
   98    15      7     6.4631e-12     5.5201e-12     4.6733e-12     4.0345e-12     3.5555e-12     3.1912e-12     2.9095e-12     2.6882e-12     2.5120e-12     2.3701e-12
   99    15      8     1.2537e-11     1.1483e-11     1.0731e-11     1.0196e-11     9.8030e-12     9.5074e-12     9.2813e-12     9.1061e-12     8.9686e-12     8.8592e-12
  100    15      9     4.4035e-11     4.5171e-11     4.5698e-11     4.6262e-11     4.6887e-11     4.7547e-11     4.8217e-11     4.8878e-11     4.9518e-11     5.0125e-11
  101    15     10     6.4181e-12     5.9729e-12     5.5001e-12     5.1103e-12     4.8100e-12     4.5855e-12     4.4219e-12     4.3064e-12     4.2289e-12     4.1814e-12
  102    15     11     1.0531e-11     9.5286e-12     8.5105e-12     7.7341e-12     7.1578e-12     6.7268e-12     6.3999e-12     6.1483e-12     5.9521e-12     5.7970e-12
  103    15     12     1.1212e-10     1.0242e-10     9.5533e-11     9.0279e-11     8.6187e-11     8.2984e-11     8.0471e-11     7.8493e-11     7.6931e-11     7.5691e-11
  104    15     13     1.9032e-11     1.6190e-11     1.4523e-11     1.3375e-11     1.2533e-11     1.1898e-11     1.1411e-11     1.1032e-11     1.0736e-11     1.0501e-11
  105    15     14     4.0955e-12     4.0502e-12     3.7610e-12     3.4700e-12     3.2198e-12     3.0147e-12     2.8495e-12     2.7172e-12     2.6116e-12     2.5274e-12
  106    16      1     3.9007e-13     2.8334e-13     2.1873e-13     1.7562e-13     1.4509e-13     1.2253e-13     1.0529e-13     9.1769e-14     8.0933e-14     7.2087e-14
  107    16      2     6.0034e-12     6.6727e-12     7.0427e-12     7.3520e-12     7.6593e-12     7.9797e-12     8.3145e-12     8.6605e-12     9.0130e-12     9.3668e-12
  108    16      3     1.0711e-11     9.7176e-12     8.9133e-12     8.2834e-12     7.7834e-12     7.3816e-12     7.0553e-12     6.7880e-12     6.5672e-12     6.3833e-12
  109    16      4     2.4463e-11     2.5391e-11     2.5594e-11     2.5573e-11     2.5488e-11     2.5403e-11     2.5340e-11     2.5307e-11     2.5303e-11     2.5322e-11
  110    16      5     7.8912e-12     7.3492e-12     6.8571e-12     6.4559e-12     6.1332e-12     5.8735e-12     5.6638e-12     5.4936e-12     5.3548e-12     5.2408e-12
  111    16      6     1.9108e-12     1.5013e-12     1.2090e-12     1.0220e-12     8.9851e-13     8.1445e-13     7.5616e-13     7.1541e-13     6.8696e-13     6.6731e-13
  112    16      7     1.9472e-11     1.8867e-11     1.8068e-11     1.7353e-11     1.6753e-11     1.6261e-11     1.5860e-11     1.5535e-11     1.5270e-11     1.5051e-11
  113    16      8     4.4652e-11     4.5984e-11     4.6259e-11     4.6063e-11     4.5639e-11     4.5114e-11     4.4554e-11     4.3992e-11     4.3443e-11     4.2910e-11
  114    16      9     4.0518e-12     3.1448e-12     2.5946e-12     2.2195e-12     1.9470e-12     1.7407e-12     1.5801e-12     1.4522e-12     1.3485e-12     1.2631e-12
  115    16     10     3.0306e-11     2.8953e-11     2.7755e-11     2.6770e-11     2.5990e-11     2.5388e-11     2.4932e-11     2.4595e-11     2.4351e-11     2.4181e-11
  116    16     11     3.4859e-11     3.6468e-11     3.7850e-11     3.9173e-11     4.0416e-11     4.1569e-11     4.2634e-11     4.3616e-11     4.4516e-11     4.5337e-11
  117    16     12     1.1539e-11     9.9846e-12     8.8411e-12     8.0303e-12     7.4408e-12     7.0019e-12     6.6689e-12     6.4123e-12     6.2121e-12     6.0540e-12
  118    16     13     8.9383e-11     8.0114e-11     7.3851e-11     6.9196e-11     6.5611e-11     6.2809e-11     6.0601e-11     5.8848e-11     5.7446e-11     5.6316e-11
  119    16     14     2.0983e-11     1.9049e-11     1.7522e-11     1.6285e-11     1.5289e-11     1.4493e-11     1.3855e-11     1.3345e-11     1.2932e-11     1.2598e-11
  120    16     15     1.2371e-11     1.0268e-11     8.7781e-12     7.7319e-12     6.9641e-12     6.3828e-12     5.9327e-12     5.5776e-12     5.2932e-12     5.0620e-12
  121    17      1     7.5504e-13     7.2094e-13     6.9969e-13     6.8702e-13     6.8015e-13     6.7775e-13     6.7903e-13     6.8336e-13     6.9021e-13     6.9909e-13
  122    17      2     2.3165e-12     1.9096e-12     1.5824e-12     1.3481e-12     1.1768e-12     1.0479e-12     9.4855e-13     8.7057e-13     8.0847e-13     7.5848e-13
  123    17      3     7.4536e-12     7.5887e-12     7.6483e-12     7.7429e-12     7.8846e-12     8.0679e-12     8.2840e-12     8.5244e-12     8.7811e-12     9.0471e-12
  124    17      4     1.5541e-11     1.4566e-11     1.3701e-11     1.2951e-11     1.2319e-11     1.1793e-11     1.1356e-11     1.0993e-11     1.0690e-11     1.0436e-11
  125    17      5     2.9121e-12     2.8562e-12     2.7746e-12     2.7088e-12     2.6624e-12     2.6335e-12     2.6197e-12     2.6186e-12     2.6281e-12     2.6461e-12
  126    17      6     1.4895e-12     1.0992e-12     8.7552e-13     7.3652e-13     6.4369e-13     5.7864e-13     5.3156e-13     4.9675e-13     4.7065e-13     4.5091e-13
  127    17      7     6.3590e-11     6.5718e-11     6.5609e-11     6.4914e-11     6.4024e-11     6.3089e-11     6.2174e-11     6.1303e-11     6.0483e-11     5.9712e-11
  128    17      8     3.1098e-12     2.6997e-12     2.2809e-12     1.9624e-12     1.7242e-12     1.5435e-12     1.4040e-12     1.2948e-12     1.2083e-12     1.1389e-12
  129    17      9     1.9479e-12     1.8578e-12     1.7729e-12     1.7221e-12     1.6985e-12     1.6954e-12     1.7078e-12     1.7321e-12     1.7657e-12     1.8061e-12
  130    17     10     6.8124e-11     6.6036e-11     6.5089e-11     6.4587e-11     6.4318e-11     6.4204e-11     6.4201e-11     6.4276e-11     6.4400e-11     6.4551e-11
  131    17     11     7.7654e-12     7.1872e-12     6.6914e-12     6.3525e-12     6.1335e-12     6.0036e-12     5.9408e-12     5.9286e-12     5.9546e-12     6.0090e-12
  132    17     12     2.7758e-12     2.4383e-12     2.1075e-12     1.8533e-12     1.6625e-12     1.5182e-12     1.4078e-12     1.3223e-12     1.2557e-12     1.2034e-12
  133    17     13     9.1034e-12     8.5219e-12     7.6957e-12     6.9431e-12     6.3127e-12     5.7958e-12     5.3730e-12     5.0261e-12     4.7395e-12     4.5012e-12
  134    17     14     1.2035e-10     1.1119e-10     1.0337e-10     9.6993e-11     9.1851e-11     8.7727e-11     8.4414e-11     8.1741e-11     7.9572e-11     7.7797e-11
  135    17     15     3.0616e-12     2.8172e-12     2.6185e-12     2.4639e-12     2.3458e-12     2.2566e-12     2.1901e-12     2.1413e-12     2.1064e-12     2.0822e-12
  136    17     16     1.8417e-11     1.7498e-11     1.6484e-11     1.5630e-11     1.4940e-11     1.4392e-11     1.3964e-11     1.3631e-11     1.3375e-11     1.3180e-11
  137    18      1     3.5183e-12     3.8420e-12     4.0613e-12     4.2401e-12     4.4091e-12     4.5791e-12     4.7533e-12     4.9311e-12     5.1109e-12     5.2902e-12
  138    18      2     1.8422e-12     1.5889e-12     1.3812e-12     1.2245e-12     1.1048e-12     1.0115e-12     9.3735e-13     8.7753e-13     8.2864e-13     7.8824e-13
  139    18      3     3.6676e-12     3.7067e-12     3.6669e-12     3.6161e-12     3.5711e-12     3.5370e-12     3.5146e-12     3.5033e-12     3.5015e-12     3.5076e-12
  140    18      4     2.6340e-12     2.3359e-12     2.0770e-12     1.8848e-12     1.7424e-12     1.6358e-12     1.5549e-12     1.4930e-12     1.4452e-12     1.4080e-12
  141    18      5     2.4909e-12     2.4794e-12     2.4561e-12     2.4525e-12     2.4701e-12     2.5053e-12     2.5539e-12     2.6123e-12     2.6774e-12     2.7465e-12
  142    18      6     1.1660e-11     1.1209e-11     1.0659e-11     1.0128e-11     9.6614e-12     9.2641e-12     8.9303e-12     8.6509e-12     8.4169e-12     8.2199e-12
  143    18      7     3.7760e-12     3.2956e-12     2.9373e-12     2.6889e-12     2.5163e-12     2.3974e-12     2.3177e-12     2.2676e-12     2.2403e-12     2.2304e-12
  144    18      8     4.2270e-12     3.6621e-12     3.2334e-12     2.9116e-12     2.6652e-12     2.4727e-12     2.3198e-12     2.1964e-12     2.0957e-12     2.0126e-12
  145    18      9     5.7846e-11     6.0049e-11     6.0229e-11     5.9831e-11     5.9221e-11     5.8551e-11     5.7888e-11     5.7258e-11     5.6669e-11     5.6119e-11
  146    18     10     3.8410e-12     3.3823e-12     2.9282e-12     2.5722e-12     2.2995e-12     2.0897e-12     1.9265e-12     1.7983e-12     1.6969e-12     1.6160e-12
  147    18     11     1.0428e-11     9.8603e-12     9.3479e-12     8.9643e-12     8.6787e-12     8.4656e-12     8.3069e-12     8.1894e-12     8.1032e-12     8.0407e-12
  148    18     12     6.1316e-11     5.9109e-11     5.8460e-11     5.8305e-11     5.8363e-11     5.8541e-11     5.8790e-11     5.9082e-11     5.9394e-11     5.9708e-11
  149    18     13     9.7956e-12     8.6251e-12     7.6955e-12     6.9962e-12     6.4698e-12     6.0688e-12     5.7589e-12     5.5160e-12     5.3233e-12     5.1682e-12
  150    18     14     3.6406e-12     3.3194e-12     3.0226e-12     2.7864e-12     2.6044e-12     2.4661e-12     2.3620e-12     2.2845e-12     2.2278e-12     2.1873e-12
  151    18     15     1.1941e-10     1.1129e-10     1.0431e-10     9.8480e-11     9.3729e-11     8.9900e-11     8.6825e-11     8.4353e-11     8.2358e-11     8.0736e-11
  152    18     16     1.6205e-11     1.4221e-11     1.2862e-11     1.1873e-11     1.1127e-11     1.0554e-11     1.0109e-11     9.7621e-12     9.4889e-12     9.2728e-12
  153    18     17     3.0402e-12     2.8340e-12     2.5327e-12     2.2818e-12     2.0826e-12     1.9254e-12     1.8011e-12     1.7024e-12     1.6240e-12     1.5614e-12
  154    19      1     1.1825e-13     9.0198e-14     7.0922e-14     5.7640e-14     4.8056e-14     4.0876e-14     3.5334e-14     3.0950e-14     2.7411e-14     2.4505e-14
  155    19      2     2.5408e-12     2.2363e-12     1.9329e-12     1.6960e-12     1.5124e-12     1.3682e-12     1.2532e-12     1.1603e-12     1.0846e-12     1.0225e-12
  156    19      3     6.9734e-12     7.5740e-12     7.8820e-12     8.1029e-12     8.3048e-12     8.5114e-12     8.7299e-12     8.9608e-12     9.2017e-12     9.4486e-12
  157    19      4     7.8246e-12     7.1262e-12     6.5450e-12     6.0865e-12     5.7213e-12     5.4281e-12     5.1912e-12     4.9986e-12     4.8411e-12     4.7114e-12
  158    19      5     5.2470e-12     5.5675e-12     5.7691e-12     5.9405e-12     6.1128e-12     6.2955e-12     6.4901e-12     6.6948e-12     6.9067e-12     7.1221e-12
  159    19      6     7.4249e-13     5.6979e-13     4.4818e-13     3.6557e-13     3.0669e-13     2.6296e-13     2.2940e-13     2.0299e-13     1.8177e-13     1.6443e-13
  160    19      7     1.7379e-11     1.8152e-11     1.8297e-11     1.8261e-11     1.8182e-11     1.8109e-11     1.8060e-11     1.8039e-11     1.8043e-11     1.8068e-11
  161    19      8     1.0419e-11     9.9006e-12     9.5090e-12     9.1522e-12     8.8384e-12     8.5711e-12     8.3476e-12     8.1623e-12     8.0090e-12     7.8817e-12
  162    19      9     2.0987e-12     1.8761e-12     1.6728e-12     1.5316e-12     1.4362e-12     1.3727e-12     1.3318e-12     1.3071e-12     1.2941e-12     1.2898e-12
  163    19     10     1.7940e-11     1.6303e-11     1.5006e-11     1.4054e-11     1.3330e-11     1.2766e-11     1.2321e-11     1.1964e-11     1.1676e-11     1.1440e-11
  164    19     11     5.0332e-11     5.2837e-11     5.3342e-11     5.3181e-11     5.2724e-11     5.2139e-11     5.1507e-11     5.0868e-11     5.0239e-11     4.9627e-11
  165    19     12     5.1961e-12     4.1574e-12     3.3907e-12     2.8669e-12     2.4921e-12     2.2127e-12     1.9979e-12     1.8288e-12     1.6929e-12     1.5819e-12
  166    19     13     5.2098e-11     5.1536e-11     5.2022e-11     5.2654e-11     5.3281e-11     5.3886e-11     5.4464e-11     5.5014e-11     5.5533e-11     5.6015e-11
  167    19     14     2.4097e-11     2.3061e-11     2.1853e-11     2.0843e-11     2.0042e-11     1.9420e-11     1.8942e-11     1.8578e-11     1.8304e-11     1.8099e-11
  168    19     15     9.3414e-12     8.5985e-12     7.8697e-12     7.2950e-12     6.8514e-12     6.5095e-12     6.2448e-12     6.0391e-12     5.8785e-12     5.7523e-12
  169    19     16     1.0171e-10     9.3335e-11     8.6843e-11     8.1643e-11     7.7467e-11     7.4115e-11     7.1416e-11     6.9234e-11     6.7456e-11     6.5996e-11
  170    19     17     1.7821e-11     1.5941e-11     1.4427e-11     1.3275e-11     1.2372e-11     1.1653e-11     1.1076e-11     1.0608e-11     1.0227e-11     9.9124e-12
  171    19     18     1.1549e-11     9.5128e-12     8.1703e-12     7.2327e-12     6.5360e-12     6.0000e-12     5.5784e-12     5.2411e-12     4.9676e-12     4.7428e-12
  172    20      1     1.2770e-13     1.2785e-13     1.2146e-13     1.1613e-13     1.1255e-13     1.1048e-13     1.0957e-13     1.0951e-13     1.1008e-13     1.1108e-13
  173    20      2     2.0545e-12     2.0058e-12     1.9718e-12     1.9487e-12     1.9352e-12     1.9307e-12     1.9346e-12     1.9458e-12     1.9634e-12     1.9861e-12
  174    20      3     1.9778e-12     1.9920e-12     1.8005e-12     1.6117e-12     1.4531e-12     1.3240e-12     1.2193e-12     1.1342e-12     1.0649e-12     1.0083e-12
  175    20      4     9.6731e-12     1.0223e-11     1.0524e-11     1.0772e-11     1.1023e-11     1.1295e-11     1.1589e-11     1.1902e-11     1.2228e-11     1.2559e-11
  176    20      5     5.3030e-13     5.2052e-13     4.8500e-13     4.5352e-13     4.2976e-13     4.1287e-13     4.0139e-13     3.9400e-13     3.8967e-13     3.8756e-13
  177    20      6     8.1131e-13     7.8222e-13     7.6544e-13     7.5598e-13     7.5222e-13     7.5347e-13     7.5922e-13     7.6894e-13     7.8209e-13     7.9803e-13
  178    20      7     1.8486e-11     1.6998e-11     1.5912e-11     1.5033e-11     1.4302e-11     1.3692e-11     1.3183e-11     1.2757e-11     1.2399e-11     1.2097e-11
  179    20      8     2.2998e-12     2.1989e-12     2.1202e-12     2.0660e-12     2.0311e-12     2.0122e-12     2.0066e-12     2.0125e-12     2.0277e-12     2.0505e-12
  180    20      9     6.5485e-13     6.4951e-13     6.0164e-13     5.5768e-13     5.2306e-13     4.9692e-13     4.7764e-13     4.6380e-13     4.5425e-13     4.4806e-13
  181    20     10     6.3690e-11     6.7892e-11     6.8822e-11     6.8629e-11     6.8008e-11     6.7231e-11     6.6416e-11     6.5613e-11     6.4842e-11     6.4107e-11
  182    20     11     2.0411e-12     1.9851e-12     1.7838e-12     1.6003e-12     1.4517e-12     1.3344e-12     1.2420e-12     1.1692e-12     1.1117e-12     1.0662e-12
  183    20     12     1.3165e-12     1.2416e-12     1.1746e-12     1.1322e-12     1.1089e-12     1.0996e-12     1.1007e-12     1.1097e-12     1.1246e-12     1.1438e-12
  184    20     13     6.0870e-12     5.8563e-12     5.4821e-12     5.1946e-12     4.9958e-12     4.8681e-12     4.7952e-12     4.7643e-12     4.7653e-12     4.7901e-12
  185    20     14     7.2180e-11     7.4167e-11     7.4610e-11     7.4548e-11     7.4279e-11     7.3962e-11     7.3668e-11     7.3419e-11     7.3217e-11     7.3049e-11
  186    20     15     1.1582e-12     1.1520e-12     1.0709e-12     9.8547e-13     9.1160e-13     8.5130e-13     8.0311e-13     7.6499e-13     7.3507e-13     7.1174e-13
  187    20     16     7.3502e-12     7.0238e-12     6.3839e-12     5.7798e-12     5.2650e-12     4.8380e-12     4.4858e-12     4.1949e-12     3.9534e-12     3.7518e-12
  188    20     17     1.2244e-10     1.1618e-10     1.0918e-10     1.0299e-10     9.7822e-11     9.3586e-11     9.0133e-11     8.7317e-11     8.5009e-11     8.3103e-11
  189    20     18     1.6010e-12     1.6144e-12     1.5430e-12     1.4702e-12     1.4090e-12     1.3605e-12     1.3232e-12     1.2952e-12     1.2746e-12     1.2598e-12
  190    20     19     1.4307e-11     1.3612e-11     1.2843e-11     1.2182e-11     1.1640e-11     1.1205e-11     1.0861e-11     1.0591e-11     1.0380e-11     1.0216e-11
  191    21      1     9.6231e-13     1.0198e-12     9.3872e-13     8.4841e-13     7.6921e-13     7.0299e-13     6.4824e-13     6.0301e-13     5.6559e-13     5.3455e-13
  192    21      2     1.5824e-12     1.5667e-12     1.5561e-12     1.5516e-12     1.5533e-12     1.5611e-12     1.5744e-12     1.5925e-12     1.6144e-12     1.6391e-12
  193    21      3     1.1166e-12     1.0489e-12     9.7267e-13     9.0932e-13     8.5937e-13     8.2065e-13     7.9083e-13     7.6794e-13     7.5041e-13     7.3699e-13
  194    21      4     1.8613e-12     1.8398e-12     1.7908e-12     1.7444e-12     1.7067e-12     1.6787e-12     1.6598e-12     1.6493e-12     1.6459e-12     1.6484e-12
  195    21      5     8.0232e-13     7.8699e-13     6.9215e-13     6.0511e-13     5.3432e-13     4.7768e-13     4.3219e-13     3.9534e-13     3.6527e-13     3.4054e-13
  196    21      6     8.0077e-12     8.5453e-12     8.8613e-12     9.1094e-12     9.3469e-12     9.5939e-12     9.8553e-12     1.0130e-11     1.0415e-11     1.0704e-11
  197    21      7     1.6457e-12     1.5206e-12     1.3887e-12     1.2861e-12     1.2085e-12     1.1500e-12     1.1060e-12     1.0730e-12     1.0486e-12     1.0308e-12
  198    21      8     2.8780e-12     2.8763e-12     2.8716e-12     2.8759e-12     2.8932e-12     2.9234e-12     2.9650e-12     3.0157e-12     3.0733e-12     3.1355e-12
  199    21      9     1.5279e-11     1.4226e-11     1.3410e-11     1.2736e-11     1.2170e-11     1.1695e-11     1.1298e-11     1.0965e-11     1.0687e-11     1.0453e-11
  200    21     10     1.8764e-12     1.6714e-12     1.5017e-12     1.3775e-12     1.2870e-12     1.2212e-12     1.1739e-12     1.1407e-12     1.1184e-12     1.1045e-12
  201    21     11     3.5287e-12     3.1516e-12     2.8158e-12     2.5524e-12     2.3468e-12     2.1848e-12     2.0556e-12     1.9515e-12     1.8667e-12     1.7970e-12
  202    21     12     5.8344e-11     6.3098e-11     6.4359e-11     6.4437e-11     6.4050e-11     6.3484e-11     6.2862e-11     6.2237e-11     6.1632e-11     6.1054e-11
  203    21     13     8.6356e-12     8.1840e-12     7.7975e-12     7.5018e-12     7.2782e-12     7.1108e-12     6.9870e-12     6.8969e-12     6.8330e-12     6.7889e-12
  204    21     14     1.9720e-12     1.8285e-12     1.6261e-12     1.4507e-12     1.3090e-12     1.1965e-12     1.1073e-12     1.0364e-12     9.7997e-13     9.3500e-13
  205    21     15     6.8808e-11     7.0577e-11     7.0893e-11     7.0794e-11     7.0549e-11     7.0289e-11     7.0066e-11     6.9892e-11     6.9764e-11     6.9669e-11
  206    21     16     8.1742e-12     7.7615e-12     7.0879e-12     6.5002e-12     6.0266e-12     5.6501e-12     5.3498e-12     5.1086e-12     4.9128e-12     4.7521e-12
  207    21     17     2.0489e-12     1.9619e-12     1.8005e-12     1.6592e-12     1.5462e-12     1.4581e-12     1.3902e-12     1.3383e-12     1.2989e-12     1.2694e-12
  208    21     18     1.2156e-10     1.1581e-10     1.0928e-10     1.0345e-10     9.8559e-11     9.4540e-11     9.1265e-11     8.8598e-11     8.6418e-11     8.4624e-11
  209    21     19     1.3517e-11     1.2357e-11     1.1286e-11     1.0434e-11     9.7664e-12     9.2441e-12     8.8335e-12     8.5092e-12     8.2516e-12     8.0458e-12
  210    21     20     1.4504e-12     1.5495e-12     1.4493e-12     1.3319e-12     1.2278e-12     1.1410e-12     1.0699e-12     1.0121e-12     9.6506e-13     9.2676e-13
  211    22      1     6.9094e-14     5.5561e-14     4.3560e-14     3.5001e-14     2.8844e-14     2.4283e-14     2.0805e-14     1.8084e-14     1.5909e-14     1.4140e-14
  212    22      2     3.1165e-12     3.1533e-12     3.1870e-12     3.2139e-12     3.2406e-12     3.2719e-12     3.3100e-12     3.3555e-12     3.4077e-12     3.4653e-12
  213    22      3     1.6713e-12     1.7479e-12     1.6302e-12     1.5033e-12     1.3953e-12     1.3081e-12     1.2389e-12     1.1845e-12     1.1419e-12     1.1086e-12
  214    22      4     6.0239e-12     6.2641e-12     6.4145e-12     6.5333e-12     6.6498e-12     6.7763e-12     6.9163e-12     7.0694e-12     7.2329e-12     7.4035e-12
  215    22      5     1.2840e-12     1.3051e-12     1.1954e-12     1.0875e-12     9.9794e-13     9.2602e-13     8.6869e-13     8.2304e-13     7.8668e-13     7.5770e-13
  216    22      6     2.7696e-13     2.6019e-13     2.4143e-13     2.2624e-13     2.1463e-13     2.0597e-13     1.9967e-13     1.9522e-13     1.9224e-13     1.9039e-13
  217    22      7     5.7329e-12     5.4551e-12     5.0839e-12     4.7599e-12     4.4908e-12     4.2706e-12     4.0910e-12     3.9447e-12     3.8253e-12     3.7275e-12
  218    22      8     6.9430e-12     7.4317e-12     7.7420e-12     7.9941e-12     8.2370e-12     8.4878e-12     8.7504e-12     9.0234e-12     9.3032e-12     9.5850e-12
  219    22      9     7.4378e-13     6.6001e-13     5.5565e-13     4.7380e-13     4.1167e-13     3.6403e-13     3.2688e-13     2.9747e-13     2.7384e-13     2.5462e-13
  220    22     10     1.2497e-11     1.3114e-11     1.3299e-11     1.3319e-11     1.3285e-11     1.3246e-11     1.3218e-11     1.3208e-11     1.3214e-11     1.3235e-11
  221    22     11     1.4322e-11     1.3173e-11     1.2455e-11     1.1894e-11     1.1427e-11     1.1034e-11     1.0705e-11     1.0431e-11     1.0200e-11     1.0007e-11
  222    22     12     1.9689e-12     1.9116e-12     1.7946e-12     1.7013e-12     1.6352e-12     1.5918e-12     1.5661e-12     1.5538e-12     1.5517e-12     1.5572e-12
  223    22     13     5.3417e-11     5.7850e-11     5.9113e-11     5.9240e-11     5.8891e-11     5.8337e-11     5.7701e-11     5.7041e-11     5.6381e-11     5.5732e-11
  224    22     14     1.3123e-11     1.2440e-11     1.1563e-11     1.0852e-11     1.0289e-11     9.8416e-12     9.4822e-12     9.1913e-12     8.9536e-12     8.7572e-12
  225    22     15     3.9648e-12     3.6265e-12     3.1402e-12     2.7445e-12     2.4362e-12     2.1950e-12     2.0036e-12     1.8497e-12     1.7243e-12     1.6208e-12
  226    22     16     6.1221e-11     6.3325e-11     6.4411e-11     6.4994e-11     6.5300e-11     6.5478e-11     6.5605e-11     6.5714e-11     6.5816e-11     6.5908e-11
  227    22     17     1.7753e-11     1.7541e-11     1.6786e-11     1.6056e-11     1.5440e-11     1.4944e-11     1.4552e-11     1.4246e-11     1.4010e-11     1.3828e-11
  228    22     18     7.5628e-12     7.2191e-12     6.7593e-12     6.3561e-12     6.0262e-12     5.7626e-12     5.5540e-12     5.3894e-12     5.2596e-12     5.1570e-12
  229    22     19     1.0674e-10     1.0163e-10     9.5690e-11     9.0436e-11     8.6035e-11     8.2419e-11     7.9462e-11     7.7041e-11     7.5049e-11     7.3395e-11
  230    22     20     1.2077e-11     1.1480e-11     1.0618e-11     9.8692e-12     9.2539e-12     8.7520e-12     8.3421e-12     8.0061e-12     7.7290e-12     7.4988e-12
  231    22     21     7.8592e-12     7.2450e-12     6.4971e-12     5.8913e-12     5.4086e-12     5.0211e-12     4.7072e-12     4.4505e-12     4.2387e-12     4.0621e-12
  232    23      1     1.0022e-13     9.2951e-14     8.8220e-14     8.5661e-14     8.4756e-14     8.5192e-14     8.6762e-14     8.9303e-14     9.2661e-14     9.6683e-14
  233    23      2     3.6514e-13     3.6536e-13     3.5566e-13     3.4601e-13     3.3873e-13     3.3405e-13     3.3165e-13     3.3109e-13     3.3194e-13     3.3380e-13
  234    23      3     3.3802e-12     3.2872e-12     3.2290e-12     3.1950e-12     3.1779e-12     3.1752e-12     3.1851e-12     3.2059e-12     3.2358e-12     3.2726e-12
  235    23      4     1.9847e-12     2.1849e-12     2.0643e-12     1.8954e-12     1.7379e-12     1.6033e-12     1.4912e-12     1.3988e-12     1.3229e-12     1.2606e-12
  236    23      5     4.0155e-13     3.5892e-13     3.3144e-13     3.1472e-13     3.0529e-13     3.0129e-13     3.0162e-13     3.0550e-13     3.1229e-13     3.2142e-13
  237    23      6     2.4346e-13     2.4373e-13     2.3994e-13     2.3630e-13     2.3396e-13     2.3309e-13     2.3358e-13     2.3521e-13     2.3775e-13     2.4100e-13
  238    23      7     1.2827e-11     1.3275e-11     1.3572e-11     1.3831e-11     1.4097e-11     1.4385e-11     1.4699e-11     1.5034e-11     1.5383e-11     1.5738e-11
  239    23      8     5.7460e-13     5.6188e-13     5.3724e-13     5.1523e-13     4.9836e-13     4.8649e-13     4.7889e-13     4.7475e-13     4.7330e-13     4.7391e-13
  240    23      9     6.2475e-13     5.9592e-13     5.7719e-13     5.6596e-13     5.5990e-13     5.5790e-13     5.5928e-13     5.6352e-13     5.7011e-13     5.7857e-13
  241    23     10     2.0381e-11     1.9055e-11     1.7946e-11     1.7001e-11     1.6194e-11     1.5508e-11     1.4927e-11     1.4436e-11     1.4020e-11     1.3665e-11
  242    23     11     1.8985e-12     1.7894e-12     1.7057e-12     1.6496e-12     1.6134e-12     1.5925e-12     1.5837e-12     1.5849e-12     1.5941e-12     1.6096e-12
  243    23     12     3.8422e-13     3.8713e-13     3.6955e-13     3.5004e-13     3.3359e-13     3.2097e-13     3.1191e-13     3.0591e-13     3.0244e-13     3.0102e-13
  244    23     13     1.5687e-12     1.5678e-12     1.4431e-12     1.3183e-12     1.2127e-12     1.1271e-12     1.0588e-12     1.0048e-12     9.6214e-13     9.2864e-13
  245    23     14     6.5170e-11     7.0564e-11     7.2047e-11     7.2082e-11     7.1545e-11     7.0792e-11     6.9974e-11     6.9156e-11     6.8365e-11     6.7606e-11
  246    23     15     8.5450e-13     7.9003e-13     7.5000e-13     7.2550e-13     7.1201e-13     7.0665e-13     7.0741e-13     7.1281e-13     7.2165e-13     7.3298e-13
  247    23     16     4.8876e-12     4.7424e-12     4.4547e-12     4.2247e-12     4.0610e-12     3.9521e-12     3.8863e-12     3.8537e-12     3.8464e-12     3.8579e-12
  248    23     17     7.5242e-11     7.9421e-11     8.0678e-11     8.0998e-11     8.0884e-11     8.0586e-11     8.0229e-11     7.9872e-11     7.9534e-11     7.9216e-11
  249    23     18     7.3160e-13     7.0399e-13     6.5143e-13     6.0006e-13     5.5627e-13     5.2051e-13     4.9177e-13     4.6886e-13     4.5068e-13     4.3628e-13
  250    23     19     5.9659e-12     5.7020e-12     5.1808e-12     4.6921e-12     4.2765e-12     3.9317e-12     3.6469e-12     3.4113e-12     3.2153e-12     3.0513e-12
  251    23     20     1.2577e-10     1.1869e-10     1.1209e-10     1.0623e-10     1.0125e-10     9.7110e-11     9.3700e-11     9.0891e-11     8.8568e-11     8.6632e-11
  252    23     21     1.1665e-12     1.0794e-12     1.0112e-12     9.5605e-13     9.1266e-13     8.7912e-13     8.5354e-13     8.3427e-13     8.1998e-13     8.0954e-13
  253    23     22     1.0179e-11     1.0280e-11     9.9430e-12     9.5380e-12     9.1643e-12     8.8471e-12     8.5875e-12     8.3791e-12     8.2136e-12     8.0826e-12
  254    23     24     4.2169e-13     5.8072e-13     5.9473e-13     5.7190e-13     5.4151e-13     5.1211e-13     4.8608e-13     4.6383e-13     4.4508e-13     4.2938e-13
  255    24      1     1.7463e-12     1.7154e-12     1.7012e-12     1.6960e-12     1.6968e-12     1.7034e-12     1.7154e-12     1.7323e-12     1.7534e-12     1.7777e-12
  256    24      2     2.8656e-13     3.0046e-13     2.8981e-13     2.7586e-13     2.6356e-13     2.5378e-13     2.4637e-13     2.4096e-13     2.3713e-13     2.3453e-13
  257    24      3     8.4723e-13     8.2720e-13     8.1410e-13     8.0868e-13     8.0993e-13     8.1696e-13     8.2893e-13     8.4501e-13     8.6437e-13     8.8615e-13
  258    24      4     8.2226e-13     7.9728e-13     7.6009e-13     7.2698e-13     7.0005e-13     6.7905e-13     6.6322e-13     6.5172e-13     6.4374e-13     6.3858e-13
  259    24      5     1.3363e-12     1.2845e-12     1.2539e-12     1.2354e-12     1.2246e-12     1.2200e-12     1.2207e-12     1.2258e-12     1.2345e-12     1.2461e-12
  260    24      6     1.5108e-12     1.7108e-12     1.6422e-12     1.5285e-12     1.4198e-12     1.3265e-12     1.2490e-12     1.1856e-12     1.1340e-12     1.0921e-12
  261    24      7     9.9113e-13     9.9345e-13     9.7065e-13     9.4455e-13     9.2063e-13     9.0041e-13     8.8409e-13     8.7140e-13     8.6188e-13     8.5503e-13
  262    24      8     6.4672e-13     6.8164e-13     6.3819e-13     5.8605e-13     5.3992e-13     5.0185e-13     4.7112e-13     4.4649e-13     4.2678e-13     4.1100e-13
  263    24      9     1.1211e-11     1.1606e-11     1.1888e-11     1.2136e-11     1.2387e-11     1.2657e-11     1.2948e-11     1.3258e-11     1.3582e-11     1.3910e-11
  264    24     10     8.6188e-13     8.3347e-13     7.8030e-13     7.3237e-13     6.9380e-13     6.6394e-13     6.4136e-13     6.2471e-13     6.1279e-13     6.0462e-13
  265    24     11     2.6605e-12     2.6318e-12     2.6149e-12     2.6109e-12     2.6196e-12     2.6404e-12     2.6718e-12     2.7118e-12     2.7585e-12     2.8097e-12
  266    24     12     1.8127e-11     1.7080e-11     1.6131e-11     1.5314e-11     1.4616e-11     1.4023e-11     1.3524e-11     1.3103e-11     1.2748e-11     1.2446e-11
  267    24     13     2.8504e-12     2.6394e-12     2.4144e-12     2.2210e-12     2.0626e-12     1.9341e-12     1.8299e-12     1.7451e-12     1.6757e-12     1.6184e-12
  268    24     14     9.8146e-13     8.9387e-13     8.1716e-13     7.5682e-13     7.1059e-13     6.7569e-13     6.4972e-13     6.3078e-13     6.1736e-13     6.0825e-13
  269    24     15     6.1461e-11     6.6934e-11     6.8559e-11     6.8751e-11     6.8368e-11     6.7759e-11     6.7074e-11     6.6382e-11     6.5707e-11     6.5057e-11
  270    24     16     6.8144e-12     6.6722e-12     6.4441e-12     6.2399e-12     6.0742e-12     5.9454e-12     5.8480e-12     5.7762e-12     5.7246e-12     5.6886e-12
  271    24     17     1.0394e-12     9.7498e-13     8.8434e-13     8.0068e-13     7.3008e-13     6.7213e-13     6.2496e-13     5.8667e-13     5.5555e-13     5.3022e-13
  272    24     18     7.2737e-11     7.6920e-11     7.8199e-11     7.8525e-11     7.8416e-11     7.8129e-11     7.7789e-11     7.7451e-11     7.7134e-11     7.6839e-11
  273    24     19     6.1340e-12     6.2241e-12     5.9031e-12     5.5356e-12     5.2026e-12     4.9190e-12     4.6821e-12     4.4849e-12     4.3205e-12     4.1824e-12
  274    24     20     1.2484e-12     1.1894e-12     1.0928e-12     1.0085e-12     9.4099e-13     8.8805e-13     8.4698e-13     8.1532e-13     7.9108e-13     7.7262e-13
  275    24     21     1.2354e-10     1.1800e-10     1.1190e-10     1.0632e-10     1.0154e-10     9.7564e-11     9.4280e-11     9.1577e-11     8.9344e-11     8.7486e-11
  276    24     22     1.0705e-11     9.9425e-12     9.2389e-12     8.6314e-12     8.1313e-12     7.7278e-12     7.4043e-12     7.1453e-12     6.9374e-12     6.7695e-12
  277    24     23     8.7526e-13     9.4161e-13     8.8814e-13     8.1960e-13     7.5713e-13     7.0433e-13     6.6071e-13     6.2493e-13     5.9558e-13     5.7142e-13
  278    25      1     1.3062e-14     1.1809e-14     1.0022e-14     8.5112e-15     7.3081e-15     6.3518e-15     5.5831e-15     4.9567e-15     4.4393e-15     4.0064e-15
  279    25      2     5.2118e-13     5.3330e-13     5.2768e-13     5.2017e-13     5.1494e-13     5.1274e-13     5.1330e-13     5.1607e-13     5.2046e-13     5.2594e-13
  280    25      3     2.7125e-12     2.6777e-12     2.6528e-12     2.6417e-12     2.6426e-12     2.6550e-12     2.6784e-12     2.7117e-12     2.7533e-12     2.8013e-12
  281    25      4     1.3360e-12     1.4467e-12     1.4007e-12     1.3298e-12     1.2639e-12     1.2093e-12     1.1661e-12     1.1329e-12     1.1080e-12     1.0899e-12
  282    25      5     2.1993e-12     2.1539e-12     2.1302e-12     2.1209e-12     2.1218e-12     2.1318e-12     2.1501e-12     2.1758e-12     2.2077e-12     2.2443e-12
  283    25      6     1.1245e-13     9.9699e-14     8.5164e-14     7.3783e-14     6.5228e-14     5.8781e-14     5.3864e-14     5.0067e-14     4.7098e-14     4.4747e-14
  284    25      7     4.9208e-12     5.0521e-12     5.1321e-12     5.1975e-12     5.2647e-12     5.3413e-12     5.4295e-12     5.5285e-12     5.6362e-12     5.7495e-12
  285    25      8     1.5168e-12     1.7050e-12     1.6357e-12     1.5228e-12     1.4144e-12     1.3209e-12     1.2429e-12     1.1789e-12     1.1270e-12     1.0849e-12
  286    25      9     4.1105e-13     3.9971e-13     3.8388e-13     3.7054e-13     3.6041e-13     3.5336e-13     3.4903e-13     3.4701e-13     3.4687e-13     3.4822e-13
  287    25     10     4.1738e-12     4.0875e-12     3.8665e-12     3.6526e-12     3.4668e-12     3.3108e-12     3.1820e-12     3.0764e-12     2.9900e-12     2.9192e-12
  288    25     11     9.9856e-12     1.0411e-11     1.0725e-11     1.0998e-11     1.1264e-11     1.1541e-11     1.1831e-11     1.2133e-11     1.2442e-11     1.2751e-11
  289    25     12     6.8761e-13     6.6136e-13     5.8800e-13     5.2184e-13     4.6830e-13     4.2581e-13     3.9208e-13     3.6518e-13     3.4357e-13     3.2608e-13
  290    25     13     1.6906e-11     1.5827e-11     1.4971e-11     1.4257e-11     1.3648e-11     1.3131e-11     1.2692e-11     1.2322e-11     1.2008e-11     1.1740e-11
  291    25     14     9.6674e-12     1.0015e-11     1.0134e-11     1.0143e-11     1.0114e-11     1.0080e-11     1.0056e-11     1.0044e-11     1.0046e-11     1.0057e-11
  292    25     15     1.9679e-12     1.8542e-12     1.7553e-12     1.6837e-12     1.6346e-12     1.6036e-12     1.5867e-12     1.5810e-12     1.5836e-12     1.5925e-12
  293    25     16     5.7317e-11     6.2707e-11     6.4342e-11     6.4565e-11     6.4206e-11     6.3604e-11     6.2909e-11     6.2189e-11     6.1474e-11     6.0773e-11
  294    25     17     9.0982e-12     9.0845e-12     8.6455e-12     8.2121e-12     7.8398e-12     7.5302e-12     7.2749e-12     7.0642e-12     6.8895e-12     6.7432e-12
  295    25     18     2.9053e-12     2.8574e-12     2.5774e-12     2.3137e-12     2.0935e-12     1.9138e-12     1.7674e-12     1.6473e-12     1.5481e-12     1.4655e-12
  296    25     19     6.6869e-11     7.1033e-11     7.2712e-11     7.3475e-11     7.3761e-11     7.3812e-11     7.3757e-11     7.3658e-11     7.3540e-11     7.3411e-11
  297    25     20     1.4173e-11     1.3714e-11     1.3116e-11     1.2564e-11     1.2093e-11     1.1708e-11     1.1399e-11     1.1155e-11     1.0963e-11     1.0813e-11
  298    25     21     6.7046e-12     6.3296e-12     5.9219e-12     5.5771e-12     5.2967e-12     5.0722e-12     4.8938e-12     4.7525e-12     4.6405e-12     4.5513e-12
  299    25     22     1.1105e-10     1.0599e-10     1.0060e-10     9.5637e-11     9.1364e-11     8.7780e-11     8.4806e-11     8.2343e-11     8.0295e-11     7.8576e-11
  300    25     23     9.6192e-12     9.0391e-12     8.3775e-12     7.7885e-12     7.2972e-12     6.8943e-12     6.5646e-12     6.2940e-12     6.0705e-12     5.8843e-12
  301    25     24     5.8567e-12     5.7522e-12     5.3015e-12     4.8797e-12     4.5235e-12     4.2283e-12     3.9842e-12     3.7816e-12     3.6123e-12     3.4698e-12
  302    26      1     7.3058e-14     7.1301e-14     7.0415e-14     6.9930e-14     6.9779e-14     6.9957e-14     7.0450e-14     7.1225e-14     7.2239e-14     7.3435e-14
  303    26      2     2.6686e-13     2.5604e-13     2.4598e-13     2.3966e-13     2.3683e-13     2.3701e-13     2.3979e-13     2.4480e-13     2.5165e-13     2.5995e-13
  304    26      3     6.1038e-13     5.7567e-13     5.5434e-13     5.3911e-13     5.2872e-13     5.2243e-13     5.1946e-13     5.1905e-13     5.2056e-13     5.2338e-13
  305    26      4     4.5091e-12     4.4289e-12     4.3561e-12     4.3096e-12     4.2855e-12     4.2813e-12     4.2945e-12     4.3226e-12     4.3627e-12     4.4117e-12
  306    26      5     2.3330e-13     2.2573e-13     2.2029e-13     2.1642e-13     2.1391e-13     2.1267e-13     2.1256e-13     2.1344e-13     2.1513e-13     2.1746e-13
  307    26      6     1.3515e-13     1.2716e-13     1.2152e-13     1.1798e-13     1.1611e-13     1.1562e-13     1.1632e-13     1.1802e-13     1.2056e-13     1.2377e-13
  308    26      7     2.2445e-12     2.4031e-12     2.3026e-12     2.1454e-12     1.9919e-12     1.8575e-12     1.7441e-12     1.6499e-12     1.5723e-12     1.5085e-12
  309    26      8     3.3356e-13     3.1049e-13     2.9101e-13     2.7776e-13     2.6957e-13     2.6544e-13     2.6463e-13     2.6657e-13     2.7075e-13     2.7669e-13
  310    26      9     2.0741e-13     1.9907e-13     1.9455e-13     1.9184e-13     1.9065e-13     1.9084e-13     1.9224e-13     1.9468e-13     1.9796e-13     2.0186e-13
  311    26     10     1.5959e-11     1.6253e-11     1.6495e-11     1.6728e-11     1.6975e-11     1.7251e-11     1.7557e-11     1.7888e-11     1.8235e-11     1.8588e-11
  312    26     11     5.4151e-13     5.1378e-13     4.8967e-13     4.7062e-13     4.5659e-13     4.4706e-13     4.4133e-13     4.3868e-13     4.3846e-13     4.4008e-13
  313    26     12     4.1894e-13     4.0083e-13     3.8829e-13     3.8051e-13     3.7620e-13     3.7465e-13     3.7537e-13     3.7798e-13     3.8211e-13     3.8737e-13
  314    26     13     1.4858e-12     1.4490e-12     1.3935e-12     1.3493e-12     1.3181e-12     1.2984e-12     1.2886e-12     1.2869e-12     1.2917e-12     1.3015e-12
  315    26     14     2.1033e-11     2.0004e-11     1.8970e-11     1.8051e-11     1.7252e-11     1.6566e-11     1.5980e-11     1.5482e-11     1.5056e-11     1.4690e-11
  316    26     15     2.6234e-13     2.4604e-13     2.3166e-13     2.1902e-13     2.0886e-13     2.0115e-13     1.9559e-13     1.9183e-13     1.8956e-13     1.8846e-13
  317    26     16     1.2723e-12     1.2350e-12     1.1499e-12     1.0637e-12     9.8856e-13     9.2639e-13     8.7611e-13     8.3595e-13     8.0411e-13     7.7899e-13
  318    26     17     6.7266e-11     7.2948e-11     7.4684e-11     7.4838e-11     7.4341e-11     7.3589e-11     7.2755e-11     7.1914e-11     7.1094e-11     7.0304e-11
  319    26     18     6.0231e-13     5.3783e-13     5.0579e-13     4.8774e-13     4.7803e-13     4.7403e-13     4.7418e-13     4.7740e-13     4.8285e-13     4.8985e-13
  320    26     19     4.1484e-12     3.9479e-12     3.7034e-12     3.5121e-12     3.3744e-12     3.2808e-12     3.2219e-12     3.1899e-12     3.1781e-12     3.1813e-12
  321    26     20     7.5908e-11     8.2128e-11     8.4048e-11     8.4651e-11     8.4695e-11     8.4490e-11     8.4182e-11     8.3842e-11     8.3495e-11     8.3146e-11
  322    26     21     4.7833e-13     4.3887e-13     4.0307e-13     3.7155e-13     3.4527e-13     3.2390e-13     3.0671e-13     2.9295e-13     2.8196e-13     2.7318e-13
  323    26     22     5.0067e-12     4.8267e-12     4.3826e-12     3.9613e-12     3.6026e-12     3.3053e-12     3.0602e-12     2.8575e-12     2.6890e-12     2.5479e-12
  324    26     23     1.3623e-10     1.2425e-10     1.1637e-10     1.1010e-10     1.0494e-10     1.0070e-10     9.7199e-11     9.4310e-11     9.1909e-11     8.9893e-11
  325    26     24     8.0221e-13     7.2021e-13     6.7023e-13     6.3291e-13     6.0428e-13     5.8234e-13     5.6564e-13     5.5302e-13     5.4359e-13     5.3659e-13
  326    26     25     7.7065e-12     8.0588e-12     7.9230e-12     7.6638e-12     7.3967e-12     7.1585e-12     6.9578e-12     6.7933e-12     6.6603e-12     6.5531e-12
  327    27      1     2.9230e-13     2.8164e-13     2.7514e-13     2.7035e-13     2.6723e-13     2.6566e-13     2.6541e-13     2.6619e-13     2.6771e-13     2.6972e-13
  328    27      2     4.0852e-13     4.0234e-13     3.9394e-13     3.8835e-13     3.8577e-13     3.8596e-13     3.8864e-13     3.9345e-13     4.0002e-13     4.0794e-13
  329    27      3     3.1207e-13     3.1432e-13     3.0682e-13     2.9778e-13     2.8991e-13     2.8390e-13     2.7979e-13     2.7740e-13     2.7644e-13     2.7663e-13
  330    27      4     5.4711e-13     5.3644e-13     5.2702e-13     5.2100e-13     5.1812e-13     5.1804e-13     5.2029e-13     5.2446e-13     5.3007e-13     5.3670e-13
  331    27      5     2.4652e-13     2.3104e-13     2.2082e-13     2.1313e-13     2.0757e-13     2.0380e-13     2.0148e-13     2.0027e-13     1.9989e-13     2.0008e-13
  332    27      6     3.3487e-12     3.3010e-12     3.2530e-12     3.2234e-12     3.2105e-12     3.2127e-12     3.2283e-12     3.2556e-12     3.2922e-12     3.3358e-12
  333    27      7     4.9580e-13     4.7380e-13     4.4930e-13     4.2889e-13     4.1298e-13     4.0111e-13     3.9267e-13     3.8708e-13     3.8382e-13     3.8240e-13
  334    27      8     1.1749e-12     1.1258e-12     1.0936e-12     1.0739e-12     1.0632e-12     1.0595e-12     1.0617e-12     1.0687e-12     1.0796e-12     1.0933e-12
  335    27      9     2.0103e-12     2.1686e-12     2.0966e-12     1.9720e-12     1.8487e-12     1.7407e-12     1.6502e-12     1.5759e-12     1.5155e-12     1.4668e-12
  336    27     10     5.4445e-13     5.5537e-13     5.4863e-13     5.3673e-13     5.2425e-13     5.1286e-13     5.0308e-13     4.9497e-13     4.8837e-13     4.8305e-13
  337    27     11     6.5400e-13     6.5069e-13     6.1531e-13     5.7641e-13     5.4219e-13     5.1411e-13     4.9176e-13     4.7428e-13     4.6077e-13     4.5043e-13
  338    27     12     1.4227e-11     1.4585e-11     1.4847e-11     1.5086e-11     1.5333e-11     1.5602e-11     1.5897e-11     1.6213e-11     1.6543e-11     1.6879e-11
  339    27     13     2.4890e-12     2.4004e-12     2.3577e-12     2.3381e-12     2.3341e-12     2.3427e-12     2.3615e-12     2.3885e-12     2.4217e-12     2.4589e-12
  340    27     14     4.8318e-13     4.8071e-13     4.5697e-13     4.3244e-13     4.1139e-13     3.9435e-13     3.8094e-13     3.7058e-13     3.6271e-13     3.5683e-13
  341    27     15     1.9543e-11     1.8693e-11     1.7768e-11     1.6928e-11     1.6192e-11     1.5558e-11     1.5017e-11     1.4558e-11     1.4166e-11     1.3829e-11
  342    27     16     2.2845e-12     2.1537e-12     2.0030e-12     1.8651e-12     1.7476e-12     1.6499e-12     1.5695e-12     1.5034e-12     1.4489e-12     1.4038e-12
  343    27     17     6.2032e-13     5.4890e-13     4.9722e-13     4.5915e-13     4.3067e-13     4.0932e-13     3.9342e-13     3.8176e-13     3.7338e-13     3.6753e-13
  344    27     18     6.4692e-11     7.0332e-11     7.2105e-11     7.2325e-11     7.1906e-11     7.1234e-11     7.0478e-11     6.9712e-11     6.8965e-11     6.8244e-11
  345    27     19     5.6976e-12     5.5348e-12     5.3602e-12     5.2066e-12     5.0804e-12     4.9811e-12     4.9054e-12     4.8492e-12     4.8085e-12     4.7795e-12
  346    27     20     6.2744e-13     5.7503e-13     5.1964e-13     4.7089e-13     4.3021e-13     3.9682e-13     3.6954e-13     3.4724e-13     3.2898e-13     3.1396e-13
  347    27     21     7.4110e-11     8.0325e-11     8.2242e-11     8.2843e-11     8.2883e-11     8.2674e-11     8.2363e-11     8.2020e-11     8.1673e-11     8.1325e-11
  348    27     22     5.6086e-12     5.4128e-12     5.0846e-12     4.7682e-12     4.4907e-12     4.2550e-12     4.0570e-12     3.8909e-12     3.7510e-12     3.6322e-12
  349    27     23     8.5999e-13     7.7726e-13     7.0560e-13     6.4869e-13     6.0436e-13     5.6999e-13     5.4339e-13     5.2284e-13     5.0700e-13     4.9478e-13
  350    27     24     1.3295e-10     1.2285e-10     1.1571e-10     1.0981e-10     1.0489e-10     1.0080e-10     9.7417e-11     9.4620e-11     9.2293e-11     9.0339e-11
  351    27     25     8.3978e-12     7.9921e-12     7.5422e-12     7.1166e-12     6.7494e-12     6.4447e-12     6.1960e-12     5.9942e-12     5.8304e-12     5.6967e-12
  352    27     26     5.6081e-13     5.7697e-13     5.4668e-13     5.0864e-13     4.7314e-13     4.4256e-13     4.1692e-13     3.9564e-13     3.7800e-13     3.6334e-13
  353    28      1     6.1694e-15     5.3195e-15     4.4164e-15     3.7040e-15     3.1549e-15     2.7267e-15     2.3867e-15     2.1121e-15     1.8868e-15     1.6993e-15
  354    28      2     4.0384e-13     4.0436e-13     3.9966e-13     3.9783e-13     4.0011e-13     4.0657e-13     4.1694e-13     4.3080e-13     4.4759e-13     4.6664e-13
  355    28      3     7.0282e-13     6.7787e-13     6.6350e-13     6.5352e-13     6.4737e-13     6.4478e-13     6.4531e-13     6.4841e-13     6.5347e-13     6.5989e-13
  356    28      4     2.1345e-12     2.1141e-12     2.0877e-12     2.0711e-12     2.0648e-12     2.0687e-12     2.0818e-12     2.1030e-12     2.1307e-12     2.1634e-12
  357    28      5     4.8495e-13     4.6977e-13     4.6047e-13     4.5379e-13     4.4968e-13     4.4806e-13     4.4862e-13     4.5095e-13     4.5462e-13     4.5920e-13
  358    28      6     3.7815e-14     3.5340e-14     3.2225e-14     2.9805e-14     2.8066e-14     2.6889e-14     2.6166e-14     2.5811e-14     2.5748e-14     2.5914e-14
  359    28      7     1.1645e-12     1.1867e-12     1.1458e-12     1.0946e-12     1.0483e-12     1.0107e-12     9.8156e-13     9.6004e-13     9.4480e-13     9.3457e-13
  360    28      8     3.4660e-12     3.4113e-12     3.3643e-12     3.3362e-12     3.3236e-12     3.3248e-12     3.3382e-12     3.3620e-12     3.3941e-12     3.4320e-12
  361    28      9     1.5052e-13     1.4392e-13     1.3166e-13     1.2124e-13     1.1322e-13     1.0719e-13     1.0272e-13     9.9442e-14     9.7061e-14     9.5354e-14
  362    28     10     4.1529e-12     4.1794e-12     4.2026e-12     4.2288e-12     4.2626e-12     4.3067e-12     4.3615e-12     4.4258e-12     4.4971e-12     4.5728e-12
  363    28     11     1.6877e-12     1.8525e-12     1.7905e-12     1.6748e-12     1.5583e-12     1.4551e-12     1.3675e-12     1.2948e-12     1.2350e-12     1.1861e-12
  364    28     12     4.8266e-13     4.7000e-13     4.5451e-13     4.4189e-13     4.3266e-13     4.2663e-13     4.2346e-13     4.2271e-13     4.2393e-13     4.2667e-13
  365    28     13     1.3181e-11     1.3523e-11     1.3813e-11     1.4077e-11     1.4342e-11     1.4620e-11     1.4917e-11     1.5227e-11     1.5547e-11     1.5866e-11
  366    28     14     3.2599e-12     3.2112e-12     3.0426e-12     2.8759e-12     2.7314e-12     2.6107e-12     2.5113e-12     2.4302e-12     2.3638e-12     2.3095e-12
  367    28     15     5.5674e-13     5.6583e-13     5.2475e-13     4.8077e-13     4.4259e-13     4.1117e-13     3.8577e-13     3.6537e-13     3.4900e-13     3.3586e-13
  368    28     16     1.8429e-11     1.7497e-11     1.6620e-11     1.5854e-11     1.5190e-11     1.4621e-11     1.4134e-11     1.3719e-11     1.3364e-11     1.3057e-11
  369    28     17     7.9236e-12     8.0865e-12     8.1128e-12     8.0817e-12     8.0340e-12     7.9895e-12     7.9559e-12     7.9348e-12     7.9250e-12     7.9236e-12
  370    28     18     1.7752e-12     1.7021e-12     1.6313e-12     1.5789e-12     1.5430e-12     1.5210e-12     1.5102e-12     1.5082e-12     1.5129e-12     1.5225e-12
  371    28     19     6.1010e-11     6.6587e-11     6.8406e-11     6.8686e-11     6.8314e-11     6.7670e-11     6.6924e-11     6.6153e-11     6.5386e-11     6.4635e-11
  372    28     20     7.3112e-12     7.3177e-12     6.9712e-12     6.6154e-12     6.3064e-12     6.0485e-12     5.8354e-12     5.6591e-12     5.5125e-12     5.3892e-12
  373    28     21     2.2107e-12     2.3104e-12     2.1442e-12     1.9565e-12     1.7904e-12     1.6509e-12     1.5351e-12     1.4391e-12     1.3590e-12     1.2919e-12
  374    28     22     6.9392e-11     7.5444e-11     7.7646e-11     7.8587e-11     7.8941e-11     7.9007e-11     7.8930e-11     7.8785e-11     7.8604e-11     7.8394e-11
  375    28     23     1.1454e-11     1.1225e-11     1.0729e-11     1.0256e-11     9.8527e-12     9.5212e-12     9.2541e-12     9.0408e-12     8.8709e-12     8.7348e-12
  376    28     24     5.2991e-12     5.1570e-12     4.8949e-12     4.6561e-12     4.4557e-12     4.2923e-12     4.1609e-12     4.0559e-12     3.9722e-12     3.9050e-12
  377    28     25     1.2435e-10     1.1389e-10     1.0697e-10     1.0141e-10     9.6804e-11     9.2987e-11     8.9828e-11     8.7207e-11     8.5018e-11     8.3169e-11
  378    28     26     7.6882e-12     7.3665e-12     6.8975e-12     6.4406e-12     6.0412e-12     5.7050e-12     5.4253e-12     5.1930e-12     4.9994e-12     4.8366e-12
  379    28     27     3.8671e-12     4.0855e-12     3.9403e-12     3.7314e-12     3.5275e-12     3.3454e-12     3.1878e-12     3.0527e-12     2.9373e-12     2.8381e-12
  380    29      1     2.4355e-14     2.1746e-14     2.0125e-14     1.8985e-14     1.8131e-14     1.7474e-14     1.6964e-14     1.6573e-14     1.6275e-14     1.6053e-14
  381    29      2     1.9891e-13     1.8806e-13     1.8233e-13     1.7907e-13     1.7733e-13     1.7678e-13     1.7721e-13     1.7845e-13     1.8034e-13     1.8270e-13
  382    29      3     4.2418e-13     4.1579e-13     4.0703e-13     4.0226e-13     4.0192e-13     4.0576e-13     4.1337e-13     4.2422e-13     4.3771e-13     4.5315e-13
  383    29      4     9.9804e-13     8.8949e-13     8.3659e-13     8.0515e-13     7.8512e-13     7.7264e-13     7.6558e-13     7.6245e-13     7.6212e-13     7.6365e-13
  384    29      5     7.3910e-14     6.5424e-14     6.0063e-14     5.6244e-14     5.3366e-14     5.1141e-14     4.9405e-14     4.8051e-14     4.7002e-14     4.6196e-14
  385    29      6     1.0795e-13     1.0327e-13     1.0129e-13     1.0059e-13     1.0070e-13     1.0150e-13     1.0288e-13     1.0478e-13     1.0709e-13     1.0969e-13
  386    29      7     5.4904e-12     5.4168e-12     5.3340e-12     5.2770e-12     5.2458e-12     5.2386e-12     5.2526e-12     5.2843e-12     5.3297e-12     5.3848e-12
  387    29      8     2.2059e-13     2.0835e-13     2.0273e-13     1.9971e-13     1.9832e-13     1.9828e-13     1.9940e-13     2.0150e-13     2.0440e-13     2.0788e-13
  388    29      9     1.0465e-13     9.8610e-14     9.4717e-14     9.2309e-14     9.1077e-14     9.0830e-14     9.1424e-14     9.2724e-14     9.4594e-14     9.6895e-14
  389    29     10     2.6836e-12     2.6812e-12     2.5356e-12     2.3630e-12     2.2029e-12     2.0652e-12     1.9502e-12     1.8555e-12     1.7779e-12     1.7146e-12
  390    29     11     2.7319e-13     2.5594e-13     2.4132e-13     2.3141e-13     2.2533e-13     2.2232e-13     2.2184e-13     2.2341e-13     2.2663e-13     2.3110e-13
  391    29     12     1.4929e-13     1.3990e-13     1.3542e-13     1.3296e-13     1.3177e-13     1.3158e-13     1.3223e-13     1.3354e-13     1.3538e-13     1.3759e-13
  392    29     13     5.0713e-13     4.6175e-13     4.3519e-13     4.1660e-13     4.0342e-13     3.9450e-13     3.8901e-13     3.8626e-13     3.8562e-13     3.8653e-13
  393    29     14     1.9721e-11     1.9562e-11     1.9601e-11     1.9713e-11     1.9878e-11     2.0091e-11     2.0347e-11     2.0637e-11     2.0947e-11     2.1265e-11
  394    29     15     2.7772e-13     2.6836e-13     2.6123e-13     2.5677e-13     2.5441e-13     2.5379e-13     2.5461e-13     2.5662e-13     2.5957e-13     2.6317e-13
  395    29     16     1.1552e-12     1.1441e-12     1.1124e-12     1.0849e-12     1.0650e-12     1.0527e-12     1.0472e-12     1.0474e-12     1.0523e-12     1.0606e-12
  396    29     17     2.1405e-11     2.0413e-11     1.9378e-11     1.8472e-11     1.7698e-11     1.7040e-11     1.6481e-11     1.6006e-11     1.5599e-11     1.5248e-11
  397    29     18     1.8082e-13     1.6094e-13     1.4939e-13     1.4065e-13     1.3394e-13     1.2890e-13     1.2526e-13     1.2276e-13     1.2117e-13     1.2029e-13
  398    29     19     1.0218e-12     9.8777e-13     9.2222e-13     8.5797e-13     8.0219e-13     7.5594e-13     7.1842e-13     6.8838e-13     6.6450e-13     6.4559e-13
  399    29     20     6.9317e-11     7.5029e-11     7.6911e-11     7.7134e-11     7.6647e-11     7.5874e-11     7.5005e-11     7.4122e-11     7.3257e-11     7.2417e-11
  400    29     21     4.2549e-13     3.7174e-13     3.4796e-13     3.3546e-13     3.2895e-13     3.2633e-13     3.2644e-13     3.2853e-13     3.3201e-13     3.3642e-13
  401    29     22     3.5969e-12     3.3128e-12     3.0775e-12     2.9111e-12     2.7962e-12     2.7197e-12     2.6720e-12     2.6459e-12     2.6357e-12     2.6368e-12
  402    29     23     7.8440e-11     8.4432e-11     8.6425e-11     8.7059e-11     8.7140e-11     8.6977e-11     8.6709e-11     8.6397e-11     8.6065e-11     8.5713e-11
  403    29     24     3.4285e-13     3.0628e-13     2.7786e-13     2.5485e-13     2.3624e-13     2.2128e-13     2.0926e-13     1.9962e-13     1.9187e-13     1.8560e-13
  404    29     25     4.2034e-12     3.9489e-12     3.5691e-12     3.2289e-12     2.9426e-12     2.7054e-12     2.5093e-12     2.3466e-12     2.2108e-12     2.0966e-12
  405    29     26     1.5481e-10     1.3623e-10     1.2518e-10     1.1724e-10     1.1107e-10     1.0614e-10     1.0214e-10     9.8855e-11     9.6134e-11     9.3842e-11
  406    29     27     5.6869e-13     5.0816e-13     4.6889e-13     4.4082e-13     4.1984e-13     4.0394e-13     3.9187e-13     3.8271e-13     3.7577e-13     3.7050e-13
  407    29     28     5.4817e-12     6.1398e-12     6.2344e-12     6.1365e-12     5.9835e-12     5.8278e-12     5.6875e-12     5.5676e-12     5.4674e-12     5.3841e-12
  408    30      1     2.0070e-13     2.0096e-13     1.9968e-13     1.9953e-13     2.0115e-13     2.0464e-13     2.0989e-13     2.1669e-13     2.2478e-13     2.3380e-13
  409    30      2     1.8414e-13     1.6946e-13     1.6226e-13     1.5803e-13     1.5547e-13     1.5410e-13     1.5365e-13     1.5394e-13     1.5478e-13     1.5600e-13
  410    30      3     3.2070e-13     3.1050e-13     3.0212e-13     2.9605e-13     2.9197e-13     2.8956e-13     2.8860e-13     2.8882e-13     2.8997e-13     2.9180e-13
  411    30      4     1.9452e-13     1.8759e-13     1.8063e-13     1.7461e-13     1.7010e-13     1.6716e-13     1.6569e-13     1.6549e-13     1.6634e-13     1.6801e-13
  412    30      5     1.8864e-13     1.8278e-13     1.7768e-13     1.7472e-13     1.7387e-13     1.7495e-13     1.7772e-13     1.8193e-13     1.8730e-13     1.9352e-13
  413    30      6     7.9922e-13     7.2347e-13     6.8808e-13     6.6748e-13     6.5487e-13     6.4771e-13     6.4459e-13     6.4448e-13     6.4652e-13     6.4999e-13
  414    30      7     3.8019e-13     3.6231e-13     3.5236e-13     3.4632e-13     3.4282e-13     3.4126e-13     3.4123e-13     3.4237e-13     3.4435e-13     3.4686e-13
  415    30      8     3.3667e-13     3.0596e-13     2.9024e-13     2.8053e-13     2.7424e-13     2.7036e-13     2.6832e-13     2.6767e-13     2.6804e-13     2.6913e-13
  416    30      9     4.5600e-12     4.4894e-12     4.4201e-12     4.3738e-12     4.3496e-12     4.3457e-12     4.3596e-12     4.3884e-12     4.4288e-12     4.4773e-12
  417    30     10     2.9431e-13     2.8136e-13     2.6682e-13     2.5443e-13     2.4453e-13     2.3690e-13     2.3118e-13     2.2705e-13     2.2420e-13     2.2234e-13
  418    30     11     9.9977e-13     9.6704e-13     9.4083e-13     9.2352e-13     9.1346e-13     9.0942e-13     9.1045e-13     9.1562e-13     9.2402e-13     9.3471e-13
  419    30     12     2.4378e-12     2.4711e-12     2.3586e-12     2.2149e-12     2.0792e-12     1.9620e-12     1.8644e-12     1.7846e-12     1.7199e-12     1.6676e-12
  420    30     13     6.3749e-13     6.0107e-13     5.6274e-13     5.2822e-13     4.9961e-13     4.7685e-13     4.5921e-13     4.4582e-13     4.3584e-13     4.2852e-13
  421    30     14     3.3975e-13     3.4269e-13     3.3824e-13     3.3107e-13     3.2346e-13     3.1642e-13     3.1028e-13     3.0510e-13     3.0078e-13     2.9719e-13
  422    30     15     1.8055e-11     1.7971e-11     1.8053e-11     1.8191e-11     1.8369e-11     1.8588e-11     1.8844e-11     1.9130e-11     1.9433e-11     1.9742e-11
  423    30     16     2.2503e-12     2.1719e-12     2.1256e-12     2.0997e-12     2.0881e-12     2.0882e-12     2.0976e-12     2.1145e-12     2.1367e-12     2.1624e-12
  424    30     17     3.0831e-13     2.9975e-13     2.8482e-13     2.7001e-13     2.5717e-13     2.4660e-13     2.3808e-13     2.3132e-13     2.2599e-13     2.2179e-13
  425    30     18     2.0494e-11     1.9527e-11     1.8540e-11     1.7676e-11     1.6937e-11     1.6308e-11     1.5775e-11     1.5322e-11     1.4935e-11     1.4600e-11
  426    30     19     1.8687e-12     1.7657e-12     1.6540e-12     1.5513e-12     1.4627e-12     1.3883e-12     1.3265e-12     1.2754e-12     1.2330e-12     1.1977e-12
  427    30     20     4.2917e-13     3.7430e-13     3.3516e-13     3.0710e-13     2.8643e-13     2.7101e-13     2.5947e-13     2.5087e-13     2.4451e-13     2.3985e-13
  428    30     21     6.7344e-11     7.2896e-11     7.4775e-11     7.5040e-11     7.4612e-11     7.3902e-11     7.3096e-11     7.2274e-11     7.1467e-11     7.0682e-11
  429    30     22     4.6834e-12     4.5878e-12     4.4727e-12     4.3654e-12     4.2739e-12     4.2004e-12     4.1435e-12     4.1009e-12     4.0695e-12     4.0464e-12
  430    30     23     4.5180e-13     3.8689e-13     3.4175e-13     3.0685e-13     2.7913e-13     2.5687e-13     2.3887e-13     2.2420e-13     2.1218e-13     2.0225e-13
  431    30     24     7.6721e-11     8.2782e-11     8.4806e-11     8.5462e-11     8.5558e-11     8.5404e-11     8.5143e-11     8.4836e-11     8.4507e-11     8.4159e-11
  432    30     25     4.9085e-12     4.7136e-12     4.4126e-12     4.1327e-12     3.8915e-12     3.6880e-12     3.5174e-12     3.3742e-12     3.2531e-12     3.1498e-12
  433    30     26     6.2371e-13     5.5612e-13     4.9972e-13     4.5640e-13     4.2313e-13     3.9745e-13     3.7756e-13     3.6208e-13     3.4999e-13     3.4048e-13
  434    30     27     1.5276e-10     1.3519e-10     1.2466e-10     1.1700e-10     1.1100e-10     1.0619e-10     1.0228e-10     9.9069e-11     9.6402e-11     9.4156e-11
  435    30     28     6.9423e-12     6.5357e-12     6.1951e-12     5.8837e-12     5.6123e-12     5.3841e-12     5.1955e-12     5.0408e-12     4.9140e-12     4.8092e-12
  436    30     29     3.9384e-13     3.9456e-13     3.7282e-13     3.4783e-13     3.2446e-13     3.0409e-13     2.8681e-13     2.7230e-13     2.6015e-13     2.4992e-13
  437    31      1     1.8984e-15     1.7214e-15     1.4782e-15     1.2685e-15     1.0989e-15     9.6222e-16     8.5123e-16     7.5999e-16     6.8406e-16     6.2013e-16
  438    31      2     3.3439e-13     3.2299e-13     3.1720e-13     3.1427e-13     3.1326e-13     3.1386e-13     3.1586e-13     3.1906e-13     3.2319e-13     3.2795e-13
  439    31      3     3.8693e-13     3.8087e-13     3.7372e-13     3.6949e-13     3.6878e-13     3.7149e-13     3.7731e-13     3.8583e-13     3.9651e-13     4.0877e-13
  440    31      4     6.8899e-13     6.4065e-13     6.1609e-13     6.0198e-13     5.9401e-13     5.9053e-13     5.9054e-13     5.9327e-13     5.9800e-13     6.0408e-13
  441    31      5     2.9454e-13     2.8818e-13     2.8225e-13     2.7898e-13     2.7859e-13     2.8091e-13     2.8568e-13     2.9256e-13     3.0114e-13     3.1096e-13
  442    31      6     2.2207e-14     2.1079e-14     1.9873e-14     1.8918e-14     1.8200e-14     1.7679e-14     1.7321e-14     1.7094e-14     1.6968e-14     1.6918e-14
  443    31      7     1.6691e-12     1.6672e-12     1.6502e-12     1.6371e-12     1.6311e-12     1.6327e-12     1.6413e-12     1.6561e-12     1.6757e-12     1.6985e-12
  444    31      8     7.5108e-13     6.7644e-13     6.4113e-13     6.2081e-13     6.0856e-13     6.0177e-13     5.9898e-13     5.9913e-13     6.0135e-13     6.0491e-13
  445    31      9     5.8313e-14     5.6117e-14     5.3340e-14     5.1181e-14     4.9704e-14     4.8851e-14     4.8539e-14     4.8684e-14     4.9196e-14     4.9987e-14
  446    31     10     1.0131e-12     9.8999e-13     9.4544e-13     9.0125e-13     8.6385e-13     8.3430e-13     8.1197e-13     7.9578e-13     7.8455e-13     7.7716e-13
  447    31     11     4.5119e-12     4.4665e-12     4.4093e-12     4.3709e-12     4.3521e-12     4.3515e-12     4.3671e-12     4.3961e-12     4.4354e-12     4.4814e-12
  448    31     12     1.7281e-13     1.6497e-13     1.5510e-13     1.4694e-13     1.4072e-13     1.3618e-13     1.3301e-13     1.3092e-13     1.2964e-13     1.2898e-13
  449    31     13     2.0528e-12     2.1094e-12     2.0116e-12     1.8786e-12     1.7504e-12     1.6379e-12     1.5427e-12     1.4635e-12     1.3979e-12     1.3438e-12
  450    31     14     3.5769e-12     3.5384e-12     3.5242e-12     3.5241e-12     3.5357e-12     3.5587e-12     3.5921e-12     3.6338e-12     3.6814e-12     3.7323e-12
  451    31     15     4.9019e-13     4.8108e-13     4.6862e-13     4.5821e-13     4.5060e-13     4.4585e-13     4.4369e-13     4.4376e-13     4.4561e-13     4.4877e-13
  452    31     16     1.7030e-11     1.6999e-11     1.7110e-11     1.7270e-11     1.7465e-11     1.7694e-11     1.7954e-11     1.8237e-11     1.8533e-11     1.8831e-11
  453    31     17     2.5657e-12     2.5342e-12     2.4095e-12     2.2823e-12     2.1712e-12     2.0783e-12     2.0021e-12     1.9398e-12     1.8889e-12     1.8471e-12
  454    31     18     4.7855e-13     4.7513e-13     4.4792e-13     4.1844e-13     3.9207e-13     3.6990e-13     3.5177e-13     3.3714e-13     3.2540e-13     3.1601e-13
  455    31     19     1.9214e-11     1.8406e-11     1.7509e-11     1.6720e-11     1.6044e-11     1.5469e-11     1.4980e-11     1.4563e-11     1.4206e-11     1.3895e-11
  456    31     20     6.3227e-12     6.5109e-12     6.5452e-12     6.5235e-12     6.4852e-12     6.4480e-12     6.4188e-12     6.3989e-12     6.3873e-12     6.3813e-12
  457    31     21     1.5999e-12     1.5442e-12     1.4903e-12     1.4503e-12     1.4233e-12     1.4073e-12     1.4002e-12     1.4002e-12     1.4055e-12     1.4144e-12
  458    31     22     6.3731e-11     6.9584e-11     7.1603e-11     7.1959e-11     7.1590e-11     7.0917e-11     7.0129e-11     6.9309e-11     6.8492e-11     6.7687e-11
  459    31     23     5.7735e-12     5.7497e-12     5.5101e-12     5.2538e-12     5.0252e-12     4.8314e-12     4.6695e-12     4.5346e-12     4.4213e-12     4.3252e-12
  460    31     24     1.7699e-12     1.7833e-12     1.6762e-12     1.5529e-12     1.4399e-12     1.3425e-12     1.2602e-12     1.1910e-12     1.1326e-12     1.0832e-12
  461    31     25     7.2585e-11     7.8790e-11     8.1063e-11     8.1989e-11     8.2331e-11     8.2393e-11     8.2316e-11     8.2165e-11     8.1967e-11     8.1728e-11
  462    31     26     9.2040e-12     9.0693e-12     8.7071e-12     8.3467e-12     8.0320e-12     7.7699e-12     7.5563e-12     7.3838e-12     7.2443e-12     7.1304e-12
  463    31     27     4.2393e-12     4.1972e-12     4.0398e-12     3.8825e-12     3.7448e-12     3.6298e-12     3.5360e-12     3.4602e-12     3.3990e-12     3.3493e-12
  464    31     28     1.4429e-10     1.2742e-10     1.1725e-10     1.0993e-10     1.0422e-10     9.9651e-11     9.5939e-11     9.2889e-11     9.0349e-11     8.8202e-11
  465    31     29     6.1704e-12     6.0800e-12     5.7644e-12     5.4207e-12     5.1032e-12     4.8267e-12     4.5913e-12     4.3922e-12     4.2236e-12     4.0798e-12
  466    31     30     3.0723e-12     3.2600e-12     3.1901e-12     3.0533e-12     2.9093e-12     2.7762e-12     2.6584e-12     2.5561e-12     2.4676e-12     2.3907e-12
